4084.99658203125  0.8064027
4087.89214086533  0.8067918
4090.78769969941  0.8071957
4093.68325853348  0.8076095
4096.57881736756  0.8080363
4099.47437620163  0.7914878
4102.36993503571  0.7849168
4105.26549386979  0.7709623
4108.16105270386  0.7593383
4111.05661153794  0.7786968
4113.95217037201  0.7786419
4116.84772920609  0.8006554
4119.74328804017  0.8163032
4122.63884687424  0.8491824
4125.53440570832  0.8372833
4128.42996454239  0.8504323
4131.32552337647  0.859888
4134.22108221055  0.8572188
4137.11664104462  0.9232169
4140.0121998787  0.915108
4142.90775871277  0.9311576
4145.80331754685  0.932604
4148.69887638093  0.9829043
4151.594435215  0.9893914
4154.48999404908  0.985548
4157.38555288315  1.006307
4160.28111171723  0.9657705
4163.1766705513  0.9910514
4166.07222938538  1.012589
4168.96778821946  0.9975674
4171.86334705353  0.9870019
4174.75890588761  0.9722832
4177.65446472168  0.9678035
4180.55002355576  0.9689758
4183.44558238984  0.9567356
4186.34114122391  0.9779777
4189.23670005799  0.9809511
4192.13225889206  0.9948186
4195.02781772614  0.9881902
4197.92337656022  0.9823586
4200.81893539429  0.9710137
4203.71449422837  0.9885725
4206.61005306244  0.9919179
4209.50561189652  0.989365
4212.4011707306  1.000969
4215.29672956467  1.023546
4218.19228839875  1.007207
4221.08784723282  1.01341
4223.9834060669  1.003626
4226.87896490097  0.9904485
4229.77452373505  1.004812
4232.67008256913  1.017224
4235.5656414032  1.006052
4238.46120023728  0.9979091
4241.35675907136  0.9914628
4244.25231790543  0.9851769
4247.14787673951  0.9879493
4250.04343557358  0.9747265
4252.93899440766  0.9762834
4255.83455324173  0.9897004
4258.73011207581  1.003466
4261.62567090989  1.004921
4264.52122974396  1.010812
4267.41678857804  0.997914
4270.31234741211  0.9998992
4273.20790624619  0.9940782
4276.10346508027  0.9909984
4278.99902391434  1.001628
4281.89458274842  1.003138
4284.79014158249  0.994086
4287.68570041657  0.9883943
4290.58125925065  0.9828421
4293.47681808472  0.9818835
4296.3723769188  0.9661287
4299.26793575288  0.9425197
4302.16349458695  0.9356445
4305.05905342103  0.9103986
4307.9546122551  0.9363153
4310.85017108918  0.9213953
4313.74572992325  0.9188468
4316.64128875733  0.9074788
4319.53684759141  0.9151404
4322.43240642548  0.9144637
4325.32796525956  0.9114036
4328.22352409363  0.9199378
4331.11908292771  0.8942627
4334.01464176179  0.8853438
4336.91020059586  0.8400476
4339.80575942994  0.8056525
4342.70131826401  0.7943064
4345.59687709809  0.7938355
4348.49243593217  0.7994961
4351.38799476624  0.8175985
4354.28355360032  0.8337738
4357.17911243439  0.8586631
4360.07467126847  0.8823432
4362.97023010254  0.896077
4365.86578893662  0.9302808
4368.7613477707  0.9577678
4371.65690660477  0.9766999
4374.55246543885  0.9877855
4377.44802427292  1.01637
4380.343583107  1.007829
4383.23914194108  1.002883
4386.13470077515  0.9976567
4389.03025960923  0.9906426
4391.9258184433  1.005526
4394.82137727738  0.9837406
4397.71693611146  0.9871062
4400.61249494553  0.9949865
4403.50805377961  1.014542
4406.40361261368  1.00418
4409.29917144776  0.985983
4412.19473028184  0.9966225
4415.09028911591  0.999361
4417.98584794999  1.000202
4420.88140678406  1.00642
4423.77696561814  1.011891
4426.67252445222  1.025448
4429.56808328629  1.01872
4432.46364212037  1.02514
4435.35920095444  1.025212
4438.25475978852  1.015961
4441.15031862259  1.013927
4444.04587745667  1.010963
4446.94143629075  1.027885
4449.83699512482  1.024612
4452.7325539589  1.009536
4455.62811279297  0.9875758
4458.52367162705  1.007774
4461.41923046113  0.9919475
4464.3147892952  1.000833
4467.21034812928  0.9986026
4470.10590696335  0.9995633
4473.00146579743  1.013216
4475.89702463151  1.006162
4478.79258346558  1.001399
4481.68814229966  0.9966607
4484.58370113373  1.019962
4487.47925996781  1.011284
4490.37481880188  1.015849
4493.27037763596  1.015842
4496.16593647004  1.030453
4499.06149530411  1.046358
4501.95705413819  1.028605
4504.85261297226  1.028021
4507.74817180634  1.042861
4510.64373064042  1.052266
4513.53928947449  1.063028
4516.43484830857  1.041179
4519.33040714265  1.049819
4522.22596597672  1.046571
4525.1215248108  1.03763
4528.01708364487  1.022382
4530.91264247895  1.013805
4533.80820131302  1.024598
4536.7037601471  1.010942
4539.59931898118  1.002028
4542.49487781525  1.007455
4545.39043664933  0.9997206
4548.2859954834  1.001634
4551.18155431748  0.9910266
4554.07711315156  0.9945035
4556.97267198563  0.9921104
4559.86823081971  0.9890649
4562.76378965378  0.9984324
4565.65934848786  0.9919661
4568.55490732193  0.9967525
4571.45046615601  1.00881
4574.34602499009  1.00952
4577.24158382416  1.006132
4580.13714265824  1.008422
4583.03270149231  1.010588
4585.92826032639  1.003673
4588.82381916047  0.9982511
4591.71937799454  0.9997929
4594.61493682862  0.9918256
4597.51049566269  1.002817
4600.40605449677  1.005069
4603.30161333085  1.004041
4606.19717216492  1.004987
4609.092730999  1.019242
4611.98828983307  1.003865
4614.88384866715  1.012041
4617.77940750123  1.00397
4620.6749663353  1.027116
4623.57052516938  1.014325
4626.46608400345  1.00824
4629.36164283753  0.9964012
4632.25720167161  1.015696
4635.15276050568  1.016333
4638.04831933976  1.010495
4640.94387817383  1.002127
4643.83943700791  1.009927
4646.73499584199  0.9964626
4649.63055467606  0.9946432
4652.52611351014  1.010186
4655.42167234421  0.9915123
4658.31723117829  1.006693
4661.21279001237  0.9939985
4664.10834884644  1.001638
4667.00390768052  0.9841778
4669.89946651459  1.002944
4672.79502534867  0.9918348
4675.69058418274  0.9897587
4678.58614301682  0.9898961
4681.4817018509  1.001685
4684.37726068497  0.9912008
4687.27281951905  0.9974303
4690.16837835312  0.9985033
4693.0639371872  0.9979873
4695.95949602128  1.000633
4698.85505485535  1.001189
4701.75061368943  0.9783478
4704.6461725235  0.9913206
4707.54173135758  0.9797463
4710.43729019166  0.9827792
4713.33284902573  0.9868369
4716.22840785981  0.9832312
4719.12396669388  0.9928033
4722.01952552796  0.9915342
4724.91508436204  0.9964142
4727.81064319611  0.9877714
4730.70620203019  0.9895359
4733.60176086426  0.9901234
4736.49731969834  1.000932
4739.39287853242  0.9898546
4742.28843736649  0.9855033
4745.18399620057  0.9835214
4748.07955503464  0.984187
4750.97511386872  0.996916
4753.8706727028  0.993091
4756.76623153687  0.9828946
4759.66179037095  0.9826568
4762.55734920502  0.989744
4765.4529080391  0.9793816
4768.34846687317  0.9828298
4771.24402570725  0.9844856
4774.13958454133  0.989256
4777.0351433754  0.9877278
4779.93070220948  0.980199
4782.82626104355  0.9826596
4785.72181987763  0.9733068
4788.61737871171  0.9942728
4791.51293754578  0.994667
4794.40849637986  0.9986704
4797.30405521393  1.000918
4800.19961404801  0.9879276
4803.09517288209  0.9966738
4805.99073171616  0.9829993
4808.88629055024  0.982133
4811.78184938431  0.983726
4814.67740821839  0.9870932
4817.57296705247  0.9877326
4820.46852588654  0.9926255
4823.36408472062  0.9824004
4826.25964355469  0.9710976
4829.15520238877  0.9660574
4832.05076122285  0.9733382
4834.94632005692  0.9622472
4837.841878891  0.9600848
4840.73743772507  0.9341677
4843.63299655915  0.9320308
4846.52855539323  0.9263225
4849.4241142273  0.9179744
4852.31967306138  0.8923334
4855.21523189545  0.8457187
4858.11079072953  0.7970017
4861.0063495636  0.7621889
4863.90190839768  0.7603891
4866.79746723176  0.7538979
4869.69302606583  0.7604991
4872.58858489991  0.7672868
4875.48414373398  0.7831273
4878.37970256806  0.8151225
4881.27526140214  0.8428032
4884.17082023621  0.8648227
4887.06637907029  0.9069413
4889.96193790436  0.9084868
4892.85749673844  0.9251211
4895.75305557252  0.9367155
4898.64861440659  0.941383
4901.54417324067  0.9508295
4904.43973207474  0.9555539
4907.33529090882  0.9657249
4910.2308497429  0.9638889
4913.12640857697  0.9595799
4916.02196741105  0.9603323
4918.91752624512  0.9580181
4921.8130850792  0.9510087
4924.70864391328  0.9629754
4927.60420274735  0.9604536
4930.49976158143  0.9487734
4933.3953204155  0.9591563
4936.29087924958  0.959865
4939.18643808365  0.9605658
4942.08199691773  0.9710942
4944.97755575181  0.9748135
4947.87311458588  0.978189
4950.76867341996  0.9815117
4953.66423225403  0.9861513
4956.55979108811  0.9807162
4959.45534992219  0.9929648
4962.35090875626  0.9965179
4965.24646759034  0.9885108
4968.14202642441  0.9903186
4971.03758525849  0.9891465
4973.93314409257  0.9995804
4976.82870292664  0.9845138
4979.72426176072  0.9831085
4982.61982059479  0.9788482
4985.51537942887  0.9866676
4988.41093826295  0.9848332
4991.30649709702  0.9674416
4994.2020559311  0.9725327
4997.09761476517  0.9820766
4999.99317359925  0.9776655
5002.88873243333  0.9693946
5005.7842912674  0.9727653
5008.67985010148  0.9679774
5011.57540893555  0.9585778
5014.47096776963  0.9555961
5017.36652660371  0.9498746
5020.26208543778  0.952598
5023.15764427186  0.9588471
5026.05320310593  0.9582437
5028.94876194001  0.9615614
5031.84432077409  0.954517
5034.73987960816  0.9666233
5037.63543844224  0.9586536
5040.53099727631  0.9614782
5043.42655611039  0.9623815
5046.32211494446  0.970262
5049.21767377854  0.9611396
5052.11323261262  0.9748843
5055.00879144669  0.9798374
5057.90435028077  0.9722676
5060.79990911484  0.9971215
5063.69546794892  0.9898981
5066.591026783  0.9888201
5069.48658561707  1.001751
5072.38214445115  0.9938664
5075.27770328522  0.986077
5078.1732621193  0.9856228
5081.06882095338  0.9838282
5083.96437978745  0.9870091
5086.85993862153  0.9856589
5089.7554974556  0.9989803
5092.65105628968  0.9914775
5095.54661512376  0.9955275
5098.44217395783  0.9881331
5101.33773279191  0.9983845
5104.23329162598  0.9966801
5107.12885046006  0.999718
5110.02440929414  0.9985272
5112.91996812821  1.003806
5115.81552696229  1.005412
5118.71108579636  1.00405
5121.60664463044  1.004109
5124.50220346451  1.001403
5127.39776229859  1.001661
5130.29332113267  1.003305
5133.18887996674  0.9991736
5136.08443880082  0.9900493
5138.97999763489  0.9774548
5141.87555646897  0.9853036
5144.77111530305  0.9775035
5147.66667413712  0.9902272
5150.5622329712  0.9829925
5153.45779180527  0.9836109
5156.35335063935  0.9932738
5159.24890947343  0.9903706
5162.1444683075  0.9848474
5165.04002714158  0.9710705
5167.93558597565  0.961169
5170.83114480973  0.9574204
5173.72670364381  0.9678434
5176.62226247788  0.9641471
5179.51782131196  0.9653779
5182.41338014603  0.9513947
5185.30893898011  0.9555709
5188.20449781419  0.9598615
5191.10005664826  0.9609165
5193.99561548234  0.9740828
5196.89117431641  0.9737771
5199.78673315049  0.9637159
5202.68229198457  0.9814423
5205.57785081864  0.9814617
5208.47340965272  0.9893494
5211.36896848679  0.9881882
5214.26452732087  1.00076
5217.16008615495  1.003349
5220.05564498902  0.9985866
5222.9512038231  0.9950898
5225.84676265717  0.9926414
5228.74232149125  0.9954948
5231.63788032533  0.9903219
5234.5334391594  0.9912291
5237.42899799348  0.9922283
5240.32455682755  0.9947212
5243.22011566163  1.005537
5246.1156744957  1.008223
5249.01123332978  1.012698
5251.90679216386  1.011255
5254.80235099793  1.011075
5257.69790983201  1.006291
5260.59346866608  1.004539
5263.48902750016  0.9917592
5266.38458633424  0.9772399
5269.28014516831  0.9732726
5272.17570400239  0.9755988
5275.07126283646  0.9682093
5277.96682167054  0.9685714
5280.86238050462  0.972591
5283.75793933869  0.9831945
5286.65349817277  0.9977756
5289.54905700684  0.9986982
5292.44461584092  1.011475
5295.340174675  1.008853
5298.23573350907  1.013424
5301.13129234315  1.023484
5304.02685117722  1.023865
5306.9224100113  1.035501
5309.81796884538  1.0357
5312.71352767945  1.020344
5315.60908651353  1.019626
5318.5046453476  1.025021
5321.40020418168  1.024292
5324.29576301576  1.0128
5327.19132184983  1.00925
5330.08688068391  1.00579
5332.98243951798  1.005109
5335.87799835206  1.014547
5338.77355718613  1.007114
5341.66911602021  1.007914
5344.56467485429  1.019141
5347.46023368836  1.025879
5350.35579252244  1.024003
5353.25135135651  1.02666
5356.14691019059  1.044036
5359.04246902467  1.046433
5361.93802785874  1.034072
5364.83358669282  1.032171
5367.72914552689  1.028567
5370.62470436097  1.024025
5373.52026319505  1.028361
5376.41582202912  1.028003
5379.3113808632  1.02132
5382.20693969727  1.018278
5385.10249853135  1.014728
5387.99805736542  1.020238
5390.8936161995  1.029334
5393.78917503358  1.02428
5396.68473386765  1.016706
5399.58029270173  1.012297
5402.4758515358  1.017628
5405.37141036988  1.013161
5408.26696920396  1.005355
5411.16252803803  1.007928
5414.05808687211  1.008144
5416.95364570618  1.010547
5419.84920454026  1.01713
5422.74476337434  1.006367
5425.64032220841  1.021564
5428.53588104249  1.017425
5431.43143987656  1.020316
5434.32699871064  1.028387
5437.22255754472  1.018948
5440.11811637879  1.031599
5443.01367521287  1.02544
5445.90923404694  1.024937
5448.80479288102  1.032302
5451.7003517151  1.026781
5454.59591054917  1.036835
5457.49146938325  1.045238
5460.38702821732  1.042688
5463.2825870514  1.036276
5466.17814588547  1.038536
5469.07370471955  1.03612
5471.96926355363  1.038099
5474.8648223877  1.029861
5477.76038122178  1.03746
5480.65594005586  1.038725
5483.55149888993  1.027947
5486.44705772401  1.026475
5489.34261655808  1.021803
5492.23817539216  1.021893
5495.13373422623  1.016053
5498.02929306031  1.019741
5500.92485189439  1.014238
5503.82041072846  1.021115
5506.71596956254  1.013194
5509.61152839661  1.011321
5512.50708723069  1.012844
5515.40264606477  1.019672
5518.29820489884  1.02576
5521.19376373292  1.021984
5524.08932256699  1.026556
5526.98488140107  1.012386
5529.88044023515  1.021012
5532.77599906922  1.019388
5535.6715579033  1.020367
5538.56711673737  1.018795
5541.46267557145  1.014118
5544.35823440552  1.022529
5547.2537932396  1.013395
5550.14935207368  1.019948
5553.04491090775  1.018858
5555.94046974183  1.021286
5558.8360285759  1.024411
5561.73158740998  1.021245
5564.62714624406  1.019502
5567.52270507813  1.016115
5570.41826391221  1.007806
5573.31382274628  1.01732
5576.20938158036  1.013642
5579.10494041444  1.02065
5582.00049924851  1.012264
5584.89605808259  1.001148
5587.79161691666  1.007376
5590.68717575074  1.003904
5593.58273458482  0.9983667
5596.47829341889  0.992882
5599.37385225297  0.986854
5602.26941108704  0.9908034
5605.16496992112  0.9956402
5608.0605287552  1.005668
5610.95608758927  1.000178
5613.85164642335  0.9954104
5616.74720525742  1.001473
5619.6427640915  0.9989482
5622.53832292558  1.005462
5625.43388175965  1.004154
5628.32944059373  1.002374
5631.2249994278  1.011847
5634.12055826188  1.01442
5637.01611709596  1.002994
5639.91167593003  1.002325
5642.80723476411  1.006691
5645.70279359818  1.006308
5648.59835243226  1.000469
5651.49391126634  0.9967764
5654.38947010041  0.986918
5657.28502893449  0.9903867
5660.18058776856  0.9971277
5663.07614660264  0.9897196
5665.97170543672  0.9876521
5668.86726427079  0.988454
5671.76282310487  0.9872573
5674.65838193894  0.9987347
5677.55394077302  0.9956468
5680.44949960709  0.9946963
5683.34505844117  0.9956568
5686.24061727525  0.9887431
5689.13617610932  0.9942443
5692.0317349434  0.9914942
5694.92729377747  0.992791
5697.82285261155  0.9946048
5700.71841144563  0.9902868
5703.6139702797  0.9902541
5706.50952911378  0.9893603
5709.40508794785  0.9835334
5712.30064678193  0.9869315
5715.19620561601  0.9879484
5718.09176445008  0.9846457
5720.98732328416  0.9873732
5723.88288211823  0.987774
5726.77844095231  0.9904402
5729.67399978638  0.994316
5732.56955862046  0.9963099
5735.46511745454  0.9911113
5738.36067628861  0.9962522
5741.25623512269  1.00424
5744.15179395677  0.99671
5747.04735279084  0.9880546
5749.94291162492  0.9892469
5752.83847045899  0.9885988
5755.73402929307  0.9922889
5758.62958812714  0.9831981
5761.52514696122  0.9808689
5764.4207057953  0.9888427
5767.31626462937  0.9895346
5770.21182346345  0.9895359
5773.10738229752  0.9885997
5776.0029411316  0.9858761
5778.89849996568  0.9804661
5781.79405879975  0.9781979
5784.68961763383  0.9865294
5787.5851764679  0.9913943
5790.48073530198  0.9855402
5793.37629413606  0.9911913
5796.27185297013  0.9847638
5799.16741180421  0.9797484
5802.06297063828  0.9875963
5804.95852947236  0.989314
5807.85408830644  0.9974852
5810.74964714051  0.9909377
5813.64520597459  0.9904445
5816.54076480866  0.9966941
5819.43632364274  0.9894763
5822.33188247682  0.9962081
5825.22744131089  0.9982376
5828.12300014497  1.002595
5831.01855897904  0.9978102
5833.91411781312  0.999528
5836.8096766472  1.003657
5839.70523548127  0.9998454
5842.60079431535  0.999541
5845.49635314942  1.003438
5848.3919119835  1.005089
5851.28747081757  0.9980041
5854.18302965165  0.9970885
5857.07858848573  0.9920536
5859.9741473198  0.9933145
5862.86970615388  0.9871911
5865.76526498796  0.9917665
5868.66082382203  0.9883291
5871.55638265611  0.9896865
5874.45194149018  0.9808873
5877.34750032426  0.9819163
5880.24305915833  0.9770305
5883.13861799241  0.9693809
5886.03417682649  0.9627377
5888.92973566056  0.9521446
5891.82529449464  0.9411531
5894.72085332871  0.9300117
5897.61641216279  0.931838
5900.51197099687  0.9348645
5903.40752983094  0.9323921
5906.30308866502  0.9405084
5909.19864749909  0.9412622
5912.09420633317  0.9484764
5914.98976516724  0.9480178
5917.88532400132  0.952171
5920.7808828354  0.9548616
5923.67644166947  0.9597836
5926.57200050355  0.9522783
5929.46755933763  0.9554065
5932.3631181717  0.9574348
5935.25867700578  0.9618206
5938.15423583985  0.9603102
5941.04979467393  0.9571484
5943.945353508  0.9516831
5946.84091234208  0.9514139
5949.73647117616  0.961106
5952.63203001023  0.9592133
5955.52758884431  0.9572756
5958.42314767839  0.9597234
5961.31870651246  0.9662743
5964.21426534654  0.9716138
5967.10982418061  0.9676759
5970.00538301469  0.9704396
5972.90094184876  0.9718574
5975.79650068284  0.9716761
5978.69205951692  0.9719082
5981.58761835099  0.9695221
5984.48317718507  0.9718909
5987.37873601914  0.9740239
5990.27429485322  0.9698334
5993.1698536873  0.9710324
5996.06541252137  0.9779622
5998.96097135545  0.9760864
6001.85653018952  0.979391
6004.7520890236  0.9828006
6007.64764785768  0.9757193
6010.54320669175  0.9831007
6013.43876552583  0.9796375
6016.3343243599  0.9788142
6019.22988319398  0.9795123
6022.12544202806  0.972932
6025.02100086213  0.9764237
6027.91655969621  0.9801704
6030.81211853028  0.9848776
6033.70767736436  0.9896642
6036.60323619843  0.9798799
6039.49879503251  0.9845281
6042.39435386659  0.9949812
6045.28991270066  0.9930818
6048.18547153474  0.9941621
6051.08103036882  0.9965973
6053.97658920289  0.9995788
6056.87214803697  0.9949885
6059.76770687104  0.9938653
6062.66326570512  0.9935877
6065.55882453919  0.9896719
6068.45438337327  0.9924926
6071.34994220735  0.9919991
6074.24550104142  0.9927617
6077.1410598755  0.993232
6080.03661870957  0.9935154
6082.93217754365  0.993495
6085.82773637773  0.9947832
6088.7232952118  0.9965265
6091.61885404588  0.9904083
6094.51441287995  0.9961105
6097.40997171403  0.9963683
6100.30553054811  0.994548
6103.20108938218  0.9972317
6106.09664821626  0.9984947
6108.99220705033  1.007236
6111.88776588441  0.9983757
6114.78332471849  0.9993672
6117.67888355256  1.007673
6120.57444238664  1.00402
6123.47000122071  1.010188
6126.36556005479  1.010834
6129.26111888886  1.00848
6132.15667772294  1.001832
6135.05223655702  1.001033
6137.94779539109  0.9924425
6140.84335422517  0.9976333
6143.73891305925  0.9888623
6146.63447189332  0.9884047
6149.5300307274  0.9911388
6152.42558956147  0.9937876
6155.32114839555  0.9846529
6158.21670722962  0.9812886
6161.1122660637  0.9890707
6164.00782489778  0.9855852
6166.90338373185  0.983063
6169.79894256593  0.9859171
6172.69450140001  0.9832894
6175.59006023408  0.9966747
6178.48561906816  0.9932349
6181.38117790223  1.000017
6184.27673673631  0.9907829
6187.17229557038  0.9986321
6190.06785440446  0.9957437
6192.96341323854  0.9974561
6195.85897207261  0.9981425
6198.75453090669  1.000204
6201.65008974076  1.005103
6204.54564857484  1.009726
6207.44120740892  1.007849
6210.33676624299  1.002926
6213.23232507707  1.008221
6216.12788391114  1.002567
6219.02344274522  1.002082
6221.91900157929  1.009922
6224.81456041337  1.006578
6227.71011924745  0.9985403
6230.60567808152  0.9964827
6233.5012369156  0.9938775
6236.39679574967  0.9894227
6239.29235458375  0.9966723
6242.18791341783  0.9955015
6245.0834722519  0.9923142
6247.97903108598  0.9852617
6250.87458992005  0.9857187
6253.77014875413  0.9858919
6256.66570758821  0.9882047
6259.56126642228  0.9895648
6262.45682525636  0.9921188
6265.35238409043  1.002104
6268.24794292451  0.9936131
6271.14350175859  0.9927052
6274.03906059266  0.9920952
6276.93461942674  0.9845396
6279.83017826081  0.9835936
6282.72573709489  0.9865618
6285.62129592896  0.9865422
6288.51685476304  0.9884633
6291.41241359712  0.9797467
6294.30797243119  0.9829788
6297.20353126527  0.9804944
6300.09909009935  0.9892171
6302.99464893342  0.9910098
6305.8902077675  0.9887412
6308.78576660157  0.9988554
6311.68132543565  0.9859563
6314.57688426972  0.992743
6317.4724431038  0.9945962
6320.36800193788  0.9961559
6323.26356077195  1.000049
6326.15911960603  1.001091
6329.0546784401  1.003753
6331.95023727418  1.003083
6334.84579610826  1.002185
6337.74135494233  1.005701
6340.63691377641  1.008338
6343.53247261048  1.006244
6346.42803144456  1.004967
6349.32359027863  1.015395
6352.21914911271  1.017287
6355.11470794679  1.002718
6358.01026678086  1.008108
6360.90582561494  1.008146
6363.80138444901  1.010268
6366.69694328309  1.011544
6369.59250211717  1.010323
6372.48806095124  1.010305
6375.38361978532  1.019554
6378.27917861939  1.009763
6381.17473745347  1.013736
6384.07029628755  1.02401
6386.96585512162  1.020442
6389.8614139557  1.021334
6392.75697278977  1.023857
6395.65253162385  1.024567
6398.54809045793  1.017696
6401.443649292  1.016097
6404.33920812608  1.016587
6407.23476696015  1.018973
6410.13032579423  1.010538
6413.02588462831  1.005676
6415.92144346238  1.010132
6418.81700229646  1.01189
6421.71256113053  1.009914
6424.60811996461  1.009632
6427.50367879869  1.009243
6430.39923763276  1.014128
6433.29479646684  1.016553
6436.19035530091  1.013917
6439.08591413499  1.012157
6441.98147296906  1.020341
6444.87703180314  1.015579
6447.77259063722  1.021681
6450.66814947129  1.016885
6453.56370830537  1.007118
6456.45926713944  1.009688
6459.35482597352  1.007704
6462.2503848076  1.007345
6465.14594364167  1.007214
6468.04150247575  1.003015
6470.93706130982  0.999724
6473.8326201439  0.9946503
6476.72817897798  0.992693
6479.62373781205  0.9896922
6482.51929664613  0.9980888
6485.4148554802  0.9894441
6488.31041431428  0.987987
6491.20597314836  0.9816785
6494.10153198243  0.9806267
6496.99709081651  0.982643
6499.89264965058  0.9911583
6502.78820848466  1.001621
6505.68376731873  0.9994195
6508.57932615281  0.9945032
6511.47488498689  0.9945526
6514.37044382096  0.9810629
6517.26600265504  0.992346
6520.16156148912  0.9978088
6523.05712032319  0.9966579
6525.95267915727  0.9967132
6528.84823799134  0.9989202
6531.74379682542  0.9975995
6534.6393556595  0.9946512
6537.53491449357  1.000115
6540.43047332765  0.9905379
6543.32603216172  0.9752491
6546.2215909958  0.9781087
6549.11714982987  0.953494
6552.01270866395  0.9439351
6554.90826749803  0.9112769
6557.8038263321  0.8765298
6560.69938516618  0.8455358
6563.59494400025  0.8229637
6566.49050283433  0.8225654
6569.38606166841  0.8316771
6572.28162050248  0.8235351
6575.17717933656  0.8424682
6578.07273817063  0.8605611
6580.96829700471  0.8869576
6583.86385583879  0.9099774
6586.75941467286  0.9332639
6589.65497350694  0.9586918
6592.55053234101  0.9637431
6595.44609117509  0.9796825
6598.34165000917  0.9855472
6601.23720884324  0.9947001
6604.13276767732  1.000877
6607.02832651139  1.010115
6609.92388534547  1.013018
6612.81944417955  1.015857
6615.71500301362  1.021096
6618.6105618477  1.02675
6621.50612068177  1.032679
6624.40167951585  1.023423
6627.29723834993  1.034332
6630.192797184  1.030018
6633.08835601808  1.035074
6635.98391485215  1.036277
6638.87947368623  1.035701
6641.77503252031  1.034213
6644.67059135438  1.03649
6647.56615018846  1.043419
6650.46170902253  1.044106
6653.35726785661  1.031959
6656.25282669068  1.037963
6659.14838552476  1.038355
6662.04394435884  1.033821
6664.93950319291  1.046243
6667.83506202699  1.040239
6670.73062086106  1.030916
6673.62617969514  1.033435
6676.52173852922  1.034982
6679.41729736329  1.034661
6682.31285619737  1.034856
6685.20841503144  1.039661
6688.10397386552  1.041448
6690.9995326996  1.040526
6693.89509153367  1.03703
6696.79065036775  1.044323
6699.68620920182  1.040501
6702.5817680359  1.035707
6705.47732686998  1.03201
6708.37288570405  1.036784
6711.26844453813  1.032693
6714.1640033722  1.030267
6717.05956220628  1.036039
6719.95512104035  1.041635
6722.85067987443  1.029789
6725.74623870851  1.036519
6728.64179754258  1.038367
6731.53735637666  1.028476
6734.43291521074  1.023608
6737.32847404481  1.031205
6740.22403287889  1.026219
6743.11959171296  1.023855
6746.01515054704  1.028046
6748.91070938111  1.028526
6751.80626821519  1.032061
6754.70182704927  1.03045
6757.59738588334  1.024941
6760.49294471742  1.019595
6763.3885035515  1.026315
6766.28406238557  1.025473
6769.17962121965  1.021442
6772.07518005372  1.02711
6774.9707388878  1.029767
6777.86629772187  1.026304
6780.76185655595  1.026194
6783.65741539003  1.031192
6786.5529742241  1.02107
6789.44853305818  1.027059
6792.34409189225  1.028078
6795.23965072633  1.032837
6798.13520956041  1.020773
6801.03076839448  1.023028
6803.92632722856  1.012076
6806.82188606263  1.012775
6809.71744489671  1.02085
6812.61300373078  1.019127
6815.50856256486  1.014838
6818.40412139894  1.012015
6821.29968023301  1.017921
6824.19523906709  1.025324
6827.09079790116  1.021457
6829.98635673524  1.015195
6832.88191556932  1.018938
6835.77747440339  1.020526
6838.67303323747  1.016405
6841.56859207154  1.007457
6844.46415090562  1.005603
6847.3597097397  1.012496
6850.25526857377  1.012367
6853.15082740785  1.006763
6856.04638624193  1.005747
6858.941945076  0.9947093
6861.83750391008  0.9728583
6864.73306274415  0.936141
6867.62862157823  0.9066734
6870.5241804123  0.8845558
6873.41973924638  0.8720163
6876.31529808046  0.8694108
6879.21085691453  0.8608072
6882.10641574861  0.8433634
6885.00197458268  0.8399789
6887.89753341676  0.8465046
6890.79309225084  0.8529258
6893.68865108491  0.8660746
6896.58420991899  0.8777003
6899.47976875306  0.8949504
6902.37532758714  0.8964487
6905.27088642122  0.8939013
6908.16644525529  0.8981408
6911.06200408937  0.9157886
6913.95756292344  0.91902
6916.85312175752  0.9261038
6919.74868059159  0.9305165
6922.64423942567  0.9303437
6925.53979825975  0.9311663
6928.43535709382  0.9363206
6931.3309159279  0.9337847
6934.22647476197  0.92077
6937.12203359605  0.917865
6940.01759243013  0.9207735
6942.9131512642  0.9266061
6945.80871009828  0.9150046
6948.70426893236  0.9161083
6951.59982776643  0.9168231
6954.4953866005  0.9145992
6957.39094543458  0.9226368
6960.28650426866  0.9233789
6963.18206310273  0.9444057
6966.07762193681  0.948724
6968.97318077089  0.9513633
6971.86873960496  0.9601231
6974.76429843904  0.9619542
6977.65985727311  0.9602863
6980.55541610719  0.9607525
6983.45097494127  0.9678898
6986.34653377534  0.9563386
6989.24209260942  0.9470763
6992.13765144349  0.9474978
6995.03321027757  0.9465199
6997.92876911164  0.9437814
7000.82432794572  0.9336883
7003.7198867798  0.927625
7006.61544561387  0.9323674
7009.51100444795  0.9233322
7012.40656328202  0.9231428
7015.3021221161  0.9254211
7018.19768095018  0.9266009
7021.09323978425  0.9213274
7023.98879861833  0.9150565
7026.8843574524  0.9389566
7029.77991628648  0.9356781
7032.67547512056  0.9324742
7035.57103395463  0.9343984
7038.46659278871  0.9450591
7041.36215162278  0.9505893
7044.25771045686  0.9510081
7047.15326929094  0.9565994
7050.04882812501  0.9519106
7052.94438695909  0.954643
7055.83994579316  0.9521929
7058.73550462724  0.9549482
7061.63106346131  0.9560391
7064.52662229539  0.9561462
7067.42218112947  0.9655602
7070.31773996354  0.9649983
7073.21329879762  0.9669355
7076.1088576317  0.9679124
7079.00441646577  0.9675608
7081.89997529985  0.9551504
7084.79553413392  0.964537
7087.691092968  0.9722796
7090.58665180207  0.9661654
7093.48221063615  0.9707637
7096.37776947023  0.9568843
7099.2733283043  0.9694088
7102.16888713838  0.9534273
7105.06444597245  0.9621154
7107.96000480653  0.9698004
7110.85556364061  0.9574347
7113.75112247468  0.9614015
7116.64668130876  0.9688607
7119.54224014283  0.9663828
7122.43779897691  0.9640843
7125.33335781099  0.9644
7128.22891664506  0.9653393
7131.12447547914  0.9590823
7134.02003431321  0.9622109
7136.91559314729  0.9735779
7139.81115198136  0.9589056
7142.70671081544  0.9616994
7145.60226964952  0.9612893
7148.49782848359  0.9511626
7151.39338731767  0.9548804
7154.28894615174  0.9473371
7157.18450498582  0.9389699
7160.0800638199  0.928803
7162.97562265397  0.9186065
7165.87118148805  0.8891526
7168.76674032213  0.865986
7171.6622991562  0.8457044
7174.55785799028  0.8305051
7177.45341682435  0.8093558
7180.34897565843  0.78518
7183.2445344925  0.7513111
7186.14009332658  0.7512833
7189.03565216066  0.7362136
7191.93121099473  0.728135
7194.82676982881  0.7260299
7197.72232866288  0.7199081
7200.61788749696  0.7145961
7203.51344633104  0.7396202
7206.40900516511  0.7505901
7209.30456399919  0.7743359
7212.20012283326  0.7900787
7215.09568166734  0.81691
7217.99124050142  0.832776
7220.88679933549  0.8455184
7223.78235816957  0.8628627
7226.67791700364  0.8580299
7229.57347583772  0.8581049
7232.46903467179  0.8403771
7235.36459350587  0.8418247
7238.26015233995  0.8241881
7241.15571117402  0.8169179
7244.0512700081  0.7978183
7246.94682884217  0.7983491
7249.84238767625  0.7852915
7252.73794651033  0.7924292
7255.6335053444  0.7945614
7258.52906417848  0.7862266
7261.42462301255  0.7921847
7264.32018184663  0.8116701
7267.21574068071  0.8052925
7270.11129951478  0.8017281
7273.00685834886  0.7996472
7275.90241718293  0.7986655
7278.79797601701  0.8095238
7281.69353485109  0.8167358
7284.58909368516  0.8152484
7287.48465251924  0.8068804
7290.38021135331  0.8104349
7293.27577018739  0.8164176
7296.17132902147  0.8178288
7299.06688785554  0.8279516
7301.96244668962  0.83178
7304.85800552369  0.8261868
7307.75356435777  0.8217767
7310.64912319185  0.8318467
7313.54468202592  0.8326695
7316.44024086  0.8448025
7319.33579969407  0.8525904
7322.23135852815  0.8735678
7325.12691736222  0.8837514
7328.0224761963  0.8772485
7330.91803503038  0.9036276
7333.81359386445  0.9122248
7336.70915269853  0.9238503
7339.6047115326  0.9308341
7342.50027036668  0.9367523
7345.39582920076  0.9508743
7348.29138803483  0.9421151
7351.18694686891  0.9474384
7354.08250570298  0.9590876
7356.97806453706  0.9549069
7359.87362337113  0.9540429
7362.76918220521  0.9498068
7365.66474103929  0.950168
7368.56029987336  0.9530287
7371.45585870744  0.9636179
7374.35141754152  0.9657173
7377.24697637559  0.9670615
7380.14253520967  0.9732196
7383.03809404374  0.9816356
7385.93365287782  0.9805608
7388.8292117119  0.976941
7391.72477054597  0.9766492
7394.62032938005  0.9779772
7397.51588821412  0.9833274
7400.4114470482  0.9859079
7403.30700588227  0.9932656
7406.20256471635  0.9887533
7409.09812355043  0.9821808
7411.9936823845  0.987502
7414.88924121858  0.9867568
7417.78480005266  0.9907188
7420.68035888673  0.9893962
7423.57591772081  0.994198
7426.47147655488  1.000154
7429.36703538896  0.9988237
7432.26259422304  1.009616
7435.15815305711  1.011585
7438.05371189119  1.018601
7440.94927072526  1.014057
7443.84482955934  1.013635
7446.74038839341  1.013365
7449.63594722749  1.011361
7452.53150606157  1.015728
7455.42706489564  1.018769
7458.32262372972  1.015187
7461.21818256379  1.003047
7464.11374139787  1.01739
7467.00930023195  1.025912
7469.90485906602  1.026528
7472.8004179001  1.030218
7475.69597673417  1.031215
7478.59153556825  1.031237
7481.48709440233  1.027261
7484.3826532364  1.034582
7487.27821207048  1.036937
7490.17377090455  1.039881
7493.06932973863  1.029048
7495.96488857271  1.036851
7498.86044740678  1.034456
7501.75600624086  1.05891
7504.65156507493  1.057662
7507.54712390901  1.054761
7510.44268274308  1.043471
7513.33824157716  1.03907
7516.23380041124  1.040923
7519.12935924531  1.040368
7522.02491807939  1.026552
7524.92047691347  1.039846
7527.81603574754  1.028318
7530.71159458162  1.026693
7533.60715341569  1.023703
7536.50271224977  1.044317
7539.39827108385  1.050944
7542.29382991792  1.036204
7545.189388752  1.044896
7548.08494758607  1.03401
7550.98050642015  1.041349
7553.87606525422  1.035496
7556.7716240883  1.03836
7559.66718292238  1.03718
7562.56274175645  1.028309
7565.45830059053  1.035217
7568.3538594246  1.028744
7571.24941825868  1.033065
7574.14497709276  1.038588
7577.04053592683  1.033572
7579.93609476091  1.034006
7582.83165359498  1.025109
7585.72721242906  1.001539
7588.62277126314  0.9718732
7591.51833009721  0.9098775
7594.41388893129  0.8250126
7597.30944776536  0.7571744
7600.20500659944  0.6734973
7603.10056543351  0.5911488
7605.99612426759  0.5326796
7608.89168310167  0.4904242
7611.78724193574  0.460828
7614.68280076982  0.4678428
7617.57835960389  0.4547594
7620.47391843797  0.4632303
7623.36947727205  0.4772308
7626.26503610612  0.4992255
7629.1605949402  0.5353615
7632.05615377428  0.5636441
7634.95171260835  0.5843959
7637.84727144243  0.5917264
7640.7428302765  0.5748231
7643.63838911058  0.5858498
7646.53394794465  0.6030892
7649.42950677873  0.6189402
7652.32506561281  0.648977
7655.22062444688  0.6810255
7658.11618328096  0.7216319
7661.01174211503  0.7424171
7663.90730094911  0.7733188
7666.80285978319  0.8160605
7669.69841861726  0.8345762
7672.59397745134  0.8557197
7675.48953628541  0.8968346
7678.38509511949  0.9238387
7681.28065395357  0.948445
7684.17621278764  0.9607672
7687.07177162172  0.9666104
7689.96733045579  0.9632614
7692.86288928987  0.9956777
7695.75844812395  0.9923412
7698.65400695802  0.9953656
7701.5495657921  1.007177
7704.44512462617  1.01227
7707.34068346025  0.9983172
7710.23624229432  1.021884
7713.1318011284  1.014247
7716.02735996248  1.030118
7718.92291879655  1.038628
7721.81847763063  1.038969
7724.7140364647  1.04526
7727.60959529878  1.03282
7730.50515413286  1.035238
7733.40071296693  1.029583
7736.29627180101  1.035809
7739.19183063508  1.026825
7742.08738946916  1.019785
7744.98294830323  1.02312
7747.87850713731  1.020022
7750.77406597139  1.027853
7753.66962480546  1.028557
7756.56518363954  1.025746
7759.46074247362  1.018376
7762.35630130769  1.031486
7765.25186014177  1.018065
7768.14741897584  0.9995059
7771.04297780992  1.020885
7773.93853664399  1.011333
7776.83409547807  1.000231
7779.72965431215  0.9960305
7782.62521314622  1.004123
7785.5207719803  1.007389
7788.41633081437  1.010583
7791.31188964845  0.9946878
7794.20744848253  1.000337
7797.1030073166  1.01056
7799.99856615068  1.009721
7802.89412498475  1.010624
7805.78968381883  1.014181
7808.68524265291  1.015255
7811.58080148698  1.011838
7814.47636032106  1.012924
7817.37191915513  0.9960971
7820.26747798921  1.008552
7823.16303682329  1.012882
7826.05859565736  1.005171
7828.95415449144  1.000764
7831.84971332551  0.9983791
7834.74527215959  0.9974434
7837.64083099367  0.9982263
7840.53638982774  1.006432
7843.43194866182  1.001232
7846.32750749589  0.9974982
7849.22306632997  0.9927246
7852.11862516404  0.9834442
7855.01418399812  0.9761612
7857.9097428322  0.9838678
7860.80530166627  0.9683993
7863.70086050035  0.9853177
7866.59641933443  0.9826626
7869.4919781685  0.9711838
7872.38753700258  0.968216
7875.28309583665  0.9687412
7878.17865467073  0.9454334
7881.07421350481  0.9623933
7883.96977233888  0.9531104
7886.86533117296  0.9486063
7889.76089000703  0.9558632
7892.65644884111  0.9314014
7895.55200767518  0.9317705
7898.44756650926  0.9266136
7901.34312534334  0.9300307
7904.23868417741  0.9392155
7907.13424301149  0.9426731
