4062.79907226562  0.9772164
4065.70165514946  0.976267
4068.60423803329  0.9753427
4071.50682091713  0.9744407
4074.40940380096  0.9735652
4077.3119866848  0.9269013
4080.21456956863  0.9462411
4083.11715245247  0.9299071
4086.0197353363  0.9208316
4088.92231822014  0.9451651
4091.82490110397  0.9590111
4094.72748398781  0.9951879
4097.63006687164  0.9964405
4100.53264975548  1.006953
4103.43523263931  0.992562
4106.33781552315  0.9708788
4109.24039840698  0.993323
4112.14298129082  0.9746972
4115.04556417465  1.007051
4117.94814705849  1.011483
4120.85072994232  1.001641
4123.75331282616  0.9917727
4126.65589570999  1.017844
4129.55847859383  1.010115
4132.46106147766  1.018478
4135.3636443615  1.004897
4138.26622724533  1.014762
4141.16881012917  1.043137
4144.071393013  1.056254
4146.97397589684  1.023048
4149.87655878067  1.013692
4152.77914166451  1.009691
4155.68172454834  1.014558
4158.58430743217  0.9952086
4161.48689031601  0.9821424
4164.38947319984  1.001376
4167.29205608368  0.973848
4170.19463896751  1.0019
4173.09722185135  1.008808
4175.99980473518  0.9883848
4178.90238761902  0.9748979
4181.80497050285  0.9650198
4184.70755338669  0.9794253
4187.61013627052  0.9910023
4190.51271915436  0.9996768
4193.41530203819  1.004652
4196.31788492203  1.025612
4199.22046780586  1.021162
4202.1230506897  1.010315
4205.02563357353  0.969107
4207.92821645737  0.9554366
4210.8307993412  0.9787391
4213.73338222504  0.985203
4216.63596510887  0.9721731
4219.53854799271  0.9770595
4222.44113087654  0.9587016
4225.34371376038  0.9608551
4228.24629664421  0.9551457
4231.14887952804  0.955021
4234.05146241188  0.9509119
4236.95404529572  0.9543383
4239.85662817955  0.941453
4242.75921106339  0.9427982
4245.66179394722  0.9622799
4248.56437683105  0.9584177
4251.46695971489  0.9279609
4254.36954259873  0.9280056
4257.27212548256  0.9175097
4260.17470836639  0.9316985
4263.07729125023  0.9296564
4265.97987413406  0.9167679
4268.8824570179  0.895139
4271.78503990173  0.9254583
4274.68762278557  0.9030324
4277.5902056694  0.8922027
4280.49278855324  0.8543229
4283.39537143707  0.8445172
4286.29795432091  0.7980964
4289.20053720474  0.7935849
4292.10312008858  0.7849857
4295.00570297241  0.7836035
4297.90828585625  0.7903336
4300.81086874008  0.798114
4303.71345162392  0.8262636
4306.61603450775  0.8260892
4309.51861739159  0.8394831
4312.42120027542  0.8785166
4315.32378315926  0.8849576
4318.22636604309  0.8825414
4321.12894892693  0.9036654
4324.03153181076  0.8924612
4326.9341146946  0.8913524
4329.83669757843  0.9098333
4332.73928046227  0.9047598
4335.6418633461  0.906728
4338.54444622993  0.9186552
4341.44702911377  0.9320115
4344.34961199761  0.9679153
4347.25219488144  0.9780481
4350.15477776527  0.9904397
4353.05736064911  1.003263
4355.95994353294  0.9877683
4358.86252641678  0.9978359
4361.76510930061  1.005487
4364.66769218445  1.001666
4367.57027506828  0.9633697
4370.47285795212  0.9502637
4373.37544083595  0.945944
4376.27802371979  0.9573829
4379.18060660362  0.9286712
4382.08318948746  0.952216
4384.98577237129  0.9207451
4387.88835525513  0.9318908
4390.79093813896  0.9433899
4393.6935210228  0.9434609
4396.59610390663  0.9490282
4399.49868679047  0.964196
4402.4012696743  0.9826611
4405.30385255814  0.9696741
4408.20643544197  0.9981449
4411.10901832581  1.010362
4414.01160120964  1.015066
4416.91418409348  1.00528
4419.81676697731  1.015099
4422.71934986114  1.012511
4425.62193274498  0.9975027
4428.52451562881  1.017352
4431.42709851265  1.02464
4434.32968139648  1.015035
4437.23226428032  1.011708
4440.13484716415  1.001064
4443.03743004799  0.9834582
4445.94001293182  0.9830621
4448.84259581566  0.9821192
4451.74517869949  0.9892179
4454.64776158333  0.9916243
4457.55034446716  1.005124
4460.452927351  1.013032
4463.35551023483  1.002873
4466.25809311867  1.020584
4469.1606760025  1.022695
4472.06325888634  1.027558
4474.96584177017  1.027162
4477.86842465401  1.033681
4480.77100753784  1.035417
4483.67359042168  1.041132
4486.57617330551  1.052258
4489.47875618935  1.043761
4492.38133907318  1.057353
4495.28392195702  1.075529
4498.18650484085  1.07068
4501.08908772469  1.072936
4503.99167060852  1.078806
4506.89425349236  1.081694
4509.79683637619  1.056463
4512.69941926003  1.054118
4515.60200214386  1.036434
4518.5045850277  1.016996
4521.40716791153  1.016288
4524.30975079536  1.009371
4527.2123336792  1.015729
4530.11491656303  1.008695
4533.01749944687  0.9943247
4535.9200823307  0.9899311
4538.82266521454  0.9908931
4541.72524809837  1.002411
4544.62783098221  1.003844
4547.53041386604  1.009077
4550.43299674988  1.008146
4553.33557963371  1.01035
4556.23816251755  1.026629
4559.14074540138  1.035408
4562.04332828522  1.029445
4564.94591116905  1.0058
4567.84849405289  1.008414
4570.75107693672  1.021822
4573.65365982056  1.009725
4576.55624270439  1.00326
4579.45882558823  1.009421
4582.36140847206  1.005145
4585.2639913559  1.004493
4588.16657423973  1.00294
4591.06915712357  1.020357
4593.9717400074  1.018005
4596.87432289124  1.02277
4599.77690577507  1.010898
4602.67948865891  1.02112
4605.58207154274  1.01159
4608.48465442658  1.023811
4611.38723731041  1.020502
4614.28982019425  1.032964
4617.19240307808  1.028371
4620.09498596191  1.02783
4622.99756884575  1.025147
4625.90015172959  1.008678
4628.80273461342  1.017789
4631.70531749725  1.015867
4634.60790038109  1.006877
4637.51048326492  0.9981814
4640.41306614876  0.9929072
4643.31564903259  0.9891339
4646.21823191643  1.005613
4649.12081480026  0.9891484
4652.0233976841  0.9958361
4654.92598056793  0.9977196
4657.82856345177  0.9825203
4660.7311463356  0.9877257
4663.63372921944  0.990644
4666.53631210327  0.9763055
4669.43889498711  0.9887365
4672.34147787094  0.9818584
4675.24406075478  0.9960905
4678.14664363861  1.002044
4681.04922652245  1.00245
4683.95180940628  0.997186
4686.85439229012  0.9896049
4689.75697517395  0.9682573
4692.65955805779  0.9765401
4695.56214094162  0.9717956
4698.46472382546  0.9776887
4701.36730670929  0.9736418
4704.26988959313  0.977147
4707.17247247696  0.9867408
4710.0750553608  0.9892729
4712.97763824463  0.9841037
4715.88022112847  0.9882154
4718.7828040123  0.9772108
4721.68538689613  0.9915371
4724.58796977997  0.9714621
4727.4905526638  0.9944907
4730.39313554764  0.9822223
4733.29571843147  0.9831731
4736.19830131531  0.9840449
4739.10088419914  1.001867
4742.00346708298  0.9856675
4744.90604996681  0.9890575
4747.80863285065  0.9759682
4750.71121573448  0.9883147
4753.61379861832  0.9941931
4756.51638150215  0.9905034
4759.41896438599  0.9840189
4762.32154726982  0.9926903
4765.22413015366  0.99122
4768.12671303749  0.9994956
4771.02929592133  0.9927858
4773.93187880516  0.9983674
4776.834461689  0.9929835
4779.73704457283  0.996602
4782.63962745667  1.003681
4785.5422103405  1.016713
4788.44479322434  1.001544
4791.34737610817  1.004311
4794.24995899201  1.003234
4797.15254187584  1.001653
4800.05512475968  1.006893
4802.95770764351  1.004608
4805.86029052734  0.9995667
4808.76287341118  1.016826
4811.66545629501  1.004827
4814.56803917885  0.9995692
4817.47062206268  0.9986328
4820.37320494652  1.003671
4823.27578783035  1.001924
4826.17837071419  0.989053
4829.08095359802  0.973472
4831.98353648186  0.9779484
4834.88611936569  0.977401
4837.78870224953  0.9768496
4840.69128513336  0.9567405
4843.5938680172  0.9285651
4846.49645090103  0.8930652
4849.39903378487  0.8565045
4852.3016166687  0.8599724
4855.20419955254  0.855445
4858.10678243637  0.8568579
4861.00936532021  0.8555651
4863.91194820404  0.8662155
4866.81453108788  0.8923571
4869.71711397171  0.9117547
4872.61969685555  0.9168697
4875.52227973938  0.9367054
4878.42486262321  0.9274986
4881.32744550705  0.9442904
4884.23002839089  0.9524178
4887.13261127472  0.95953
4890.03519415856  0.9669198
4892.93777704239  0.967258
4895.84035992622  0.9794177
4898.74294281006  0.9710603
4901.6455256939  0.9648173
4904.54810857773  0.9491174
4907.45069146156  0.941304
4910.3532743454  0.942315
4913.25585722923  0.9552187
4916.15844011307  0.9524528
4919.0610229969  0.9423306
4921.96360588074  0.9457592
4924.86618876457  0.946759
4927.76877164841  0.9524015
4930.67135453224  0.9636055
4933.57393741608  0.9718063
4936.47652029991  0.973759
4939.37910318375  0.983246
4942.28168606758  0.9751542
4945.18426895142  0.970637
4948.08685183525  0.9801391
4950.98943471909  0.9850811
4953.89201760292  0.9898505
4956.79460048676  0.9829848
4959.69718337059  0.9821576
4962.59976625443  0.9876699
4965.50234913826  0.9769523
4968.4049320221  0.9709425
4971.30751490593  0.9681689
4974.21009778977  0.9677373
4977.1126806736  0.9718022
4980.01526355744  0.9640668
4982.91784644127  0.9653398
4985.8204293251  0.9613811
4988.72301220894  0.9619461
4991.62559509278  0.9499466
4994.52817797661  0.9551339
4997.43076086044  0.9525567
5000.33334374428  0.9399118
5003.23592662811  0.9358686
5006.13850951195  0.9350421
5009.04109239578  0.9274819
5011.94367527962  0.9283036
5014.84625816345  0.9399552
5017.74884104729  0.9535378
5020.65142393112  0.9503561
5023.55400681496  0.9486358
5026.45658969879  0.943848
5029.35917258263  0.9476237
5032.26175546646  0.9496582
5035.1643383503  0.9547285
5038.06692123413  0.9529009
5040.96950411797  0.9705591
5043.8720870018  0.9664688
5046.77466988564  0.9698437
5049.67725276947  0.9924472
5052.57983565331  0.9776127
5055.48241853714  0.9920508
5058.38500142098  0.9968693
5061.28758430481  0.986561
5064.19016718865  0.9784462
5067.09275007248  0.9701647
5069.99533295632  0.9651634
5072.89791584015  0.9669885
5075.80049872399  0.9747956
5078.70308160782  0.9855868
5081.60566449166  0.9813473
5084.50824737549  0.9841307
5087.41083025932  0.9888139
5090.31341314316  0.9878082
5093.21599602699  0.9910164
5096.11857891083  0.9846873
5099.02116179467  0.9918718
5101.9237446785  0.9950354
5104.82632756233  0.9956158
5107.72891044617  0.9957294
5110.63149333  0.9959286
5113.53407621384  0.9837941
5116.43665909767  0.9828898
5119.33924198151  0.9863871
5122.24182486534  0.9806877
5125.14440774918  0.9687655
5128.04699063301  0.9567007
5130.94957351685  0.9566028
5133.85215640068  0.9549318
5136.75473928452  0.9694793
5139.65732216835  0.9631512
5142.55990505219  0.9552876
5145.46248793602  0.9692871
5148.36507081986  0.9647053
5151.26765370369  0.9521181
5154.17023658753  0.9286067
5157.07281947136  0.903283
5159.9754023552  0.8933953
5162.87798523903  0.8993295
5165.78056812287  0.8952028
5168.6831510067  0.8854521
5171.58573389054  0.8695608
5174.48831677437  0.8781874
5177.39089965821  0.8935624
5180.29348254204  0.9068369
5183.19606542588  0.9235567
5186.09864830971  0.9286631
5189.00123119355  0.9469571
5191.90381407738  0.9461051
5194.80639696121  0.9486802
5197.70897984505  0.961828
5200.61156272888  0.9699351
5203.51414561272  0.9734817
5206.41672849655  0.9766306
5209.31931138039  0.9793833
5212.22189426422  0.9784924
5215.12447714806  0.9640758
5218.02706003189  0.9719648
5220.92964291573  0.9745681
5223.83222579956  0.9737498
5226.7348086834  0.9907994
5229.63739156723  0.9920939
5232.53997445107  0.9999071
5235.4425573349  1.003694
5238.34514021874  1.010041
5241.24772310257  1.01015
5244.15030598641  1.006501
5247.05288887024  1.002976
5249.95547175408  0.9794903
5252.85805463791  0.9660587
5255.76063752175  0.9541821
5258.66322040558  0.9542936
5261.56580328942  0.9404673
5264.46838617325  0.9446141
5267.37096905709  0.948729
5270.27355194092  0.9555176
5273.17613482476  0.9777012
5276.07871770859  0.9895483
5278.98130059242  1.006186
5281.88388347626  1.009281
5284.78646636009  1.014636
5287.68904924393  1.022509
5290.59163212776  1.02179
5293.4942150116  1.025331
5296.39679789544  1.035056
5299.29938077927  1.043902
5302.2019636631  1.031743
5305.10454654694  1.040613
5308.00712943077  1.04348
5310.90971231461  1.019549
5313.81229519844  1.006907
5316.71487808228  1.008097
5319.61746096611  1.003739
5322.52004384995  1.004475
5325.42262673378  1.005491
5328.32520961762  0.9943669
5331.22779250145  1.0044
5334.13037538529  1.013103
5337.03295826912  1.02358
5339.93554115296  1.034108
5342.83812403679  1.039262
5345.74070692063  1.045546
5348.64328980446  1.04213
5351.5458726883  1.033563
5354.44845557213  1.034147
5357.35103845597  1.025722
5360.2536213398  1.023529
5363.15620422364  1.0257
5366.05878710747  1.017722
5368.96136999131  1.011228
5371.86395287514  1.016393
5374.76653575898  1.021612
5377.66911864281  1.020672
5380.57170152664  1.024935
5383.47428441048  1.019964
5386.37686729431  1.008439
5389.27945017815  1.000979
5392.18203306198  0.9913471
5395.08461594582  0.9898164
5397.98719882965  0.9873149
5400.88978171349  0.9946373
5403.79236459732  1.003716
5406.69494748116  1.003029
5409.59753036499  1.007326
5412.50011324883  1.006486
5415.40269613266  1.010799
5418.3052790165  1.006685
5421.20786190033  1.013952
5424.11044478417  1.02542
5427.013027668  1.024184
5429.91561055184  1.029483
5432.81819343567  1.021404
5435.72077631951  1.022572
5438.62335920334  1.035387
5441.52594208718  1.036742
5444.42852497101  1.039614
5447.33110785485  1.042729
5450.23369073868  1.035042
5453.13627362251  1.033753
5456.03885650635  1.039518
5458.94143939019  1.04323
5461.84402227402  1.031888
5464.74660515785  1.024279
5467.64918804169  1.02778
5470.55177092552  1.030885
5473.45435380936  1.023345
5476.35693669319  1.022824
5479.25951957703  1.024321
5482.16210246086  1.021824
5485.0646853447  1.026962
5487.96726822853  1.027068
5490.86985111237  1.02124
5493.7724339962  1.025657
5496.67501688004  1.018374
5499.57759976387  1.024782
5502.48018264771  1.031676
5505.38276553154  1.028087
5508.28534841538  1.025816
5511.18793129921  1.019738
5514.09051418305  1.021805
5516.99309706688  1.023138
5519.89567995072  1.022612
5522.79826283455  1.020848
5525.70084571839  1.023209
5528.60342860222  1.023513
5531.50601148606  1.023745
5534.40859436989  1.023008
5537.31117725373  1.023865
5540.21376013756  1.030063
5543.1163430214  1.030529
5546.01892590523  1.029067
5548.92150878907  1.022804
5551.8240916729  1.023998
5554.72667455673  1.018518
5557.62925744057  1.011473
5560.53184032441  1.008675
5563.43442320824  1.008499
5566.33700609208  1.010296
5569.23958897591  1.004965
5572.14217185974  0.996278
5575.04475474358  0.9968104
5577.94733762741  1.0008
5580.84992051125  0.9935103
5583.75250339508  0.9869632
5586.65508627892  0.9862674
5589.55766916275  0.9815003
5592.46025204659  0.9900032
5595.36283493042  0.9916212
5598.26541781426  1.002974
5601.16800069809  0.9998063
5604.07058358193  0.9967991
5606.97316646576  1.004424
5609.8757493496  1.009771
5612.77833223343  1.006241
5615.68091511727  1.004062
5618.5834980011  1.009423
5621.48608088494  1.010201
5624.38866376877  1.006608
5627.29124665261  1.009571
5630.19382953644  1.011064
5633.09641242028  1.005815
5635.99899530411  1.006298
5638.90157818795  1.007212
5641.80416107178  0.9997519
5644.70674395561  0.9904475
5647.60932683945  0.9928413
5650.51190972328  0.9961551
5653.41449260712  0.9902909
5656.31707549095  0.995396
5659.21965837479  0.9977897
5662.12224125862  1.005838
5665.02482414246  1.006699
5667.92740702629  0.9975251
5670.82998991013  0.997395
5673.73257279396  1.000236
5676.6351556778  0.9970217
5679.53773856163  1.000221
5682.44032144547  0.9902831
5685.3429043293  0.9942914
5688.24548721314  0.9963781
5691.14807009697  0.9898273
5694.05065298081  0.9821209
5696.95323586464  0.983672
5699.85581874848  0.9788269
5702.75840163231  0.9885003
5705.66098451615  0.9886525
5708.56356739998  0.9905644
5711.46615028382  0.9949865
5714.36873316765  1.000749
5717.27131605149  1.004067
5720.17389893532  1.009175
5723.07648181916  1.004928
5725.97906470299  1.017516
5728.88164758682  1.00799
5731.78423047066  1.009294
5734.6868133545  1.002859
5737.58939623833  1.007356
5740.49197912216  0.9943184
5743.394562006  0.9953518
5746.29714488983  0.9932257
5749.19972777367  0.9888456
5752.1023106575  0.9953735
5755.00489354134  0.9894195
5757.90747642517  0.9976895
5760.81005930901  0.9993337
5763.71264219284  0.9957308
5766.61522507668  0.9962537
5769.51780796051  0.989444
5772.42039084435  0.9901853
5775.32297372818  0.992045
5778.22555661202  0.9894657
5781.12813949585  0.9942353
5784.03072237969  0.9894134
5786.93330526352  0.9826909
5789.83588814736  0.9931426
5792.73847103119  0.9977594
5795.64105391503  1.005126
5798.54363679886  1.010951
5801.4462196827  1.002888
5804.34880256653  1.011014
5807.25138545037  1.010736
5810.1539683342  1.012693
5813.05655121804  1.020081
5815.95913410187  1.017353
5818.8617169857  1.016015
5821.76429986954  1.016948
5824.66688275338  1.018044
5827.56946563721  1.019791
5830.47204852104  1.017886
5833.37463140488  1.015073
5836.27721428872  1.018718
5839.17979717255  1.012382
5842.08238005638  1.002897
5844.98496294022  1.002762
5847.88754582405  0.9976709
5850.79012870789  0.9976332
5853.69271159172  1.000675
5856.59529447556  1.003837
5859.49787735939  1.007276
5862.40046024323  0.9976345
5865.30304312706  0.997018
5868.2056260109  0.9868772
5871.10820889473  0.9780535
5874.01079177857  0.9597098
5876.9133746624  0.9437096
5879.81595754624  0.9267008
5882.71854043007  0.9224986
5885.62112331391  0.9190591
5888.52370619774  0.91809
5891.42628908158  0.922331
5894.32887196541  0.9316221
5897.23145484925  0.9353598
5900.13403773308  0.9444648
5903.03662061692  0.9514124
5905.93920350075  0.9560378
5908.84178638459  0.9602574
5911.74436926842  0.9606301
5914.64695215226  0.9676374
5917.54953503609  0.9688944
5920.45211791992  0.9620551
5923.35470080376  0.9678841
5926.25728368759  0.970029
5929.15986657143  0.9695962
5932.06244945526  0.9709931
5934.9650323391  0.9643327
5937.86761522293  0.9621489
5940.77019810677  0.9636011
5943.6727809906  0.9729954
5946.57536387444  0.9686668
5949.47794675827  0.9756968
5952.38052964211  0.9791131
5955.28311252594  0.9810903
5958.18569540978  0.9868103
5961.08827829361  0.9829321
5963.99086117745  0.984216
5966.89344406128  0.9773378
5969.79602694512  0.9781436
5972.69860982895  0.9795477
5975.60119271279  0.9850789
5978.50377559662  0.9839231
5981.40635848046  0.9801488
5984.30894136429  0.987675
5987.21152424813  0.9803407
5990.11410713196  0.9900347
5993.0166900158  0.9850619
5995.91927289963  0.9806169
5998.82185578347  0.9829883
6001.7244386673  0.9793875
6004.62702155114  0.9769911
6007.52960443497  0.9834803
6010.43218731881  0.9802338
6013.33477020264  0.9832736
6016.23735308648  0.9851811
6019.13993597031  0.9906089
6022.04251885415  0.9938147
6024.94510173798  0.9896818
6027.84768462182  1.000494
6030.75026750565  1.006704
6033.65285038948  1.001416
6036.55543327332  1.001259
6039.45801615715  1.004078
6042.36059904099  1.007228
6045.26318192482  1.004332
6048.16576480866  1.003991
6051.06834769249  1.00156
6053.97093057633  1.002794
6056.87351346016  0.9987911
6059.776096344  1.001961
6062.67867922783  1.002989
6065.58126211167  0.9967713
6068.4838449955  1.002422
6071.38642787934  0.9983264
6074.28901076317  0.9957356
6077.19159364701  1.000225
6080.09417653084  0.9970137
6082.99675941468  0.9911605
6085.89934229851  0.9868241
6088.80192518235  0.9884043
6091.70450806618  0.9921811
6094.60709095002  0.9930604
6097.50967383385  0.9955114
6100.41225671769  0.997587
6103.31483960152  0.9988666
6106.21742248536  0.9927849
6109.12000536919  0.999285
6112.02258825302  1.001979
6114.92517113686  1.000318
6117.82775402069  0.9984045
6120.73033690453  0.9943781
6123.63291978836  0.9870362
6126.5355026722  0.9784899
6129.43808555603  0.9857325
6132.34066843987  0.9869416
6135.2432513237  0.9878362
6138.14583420754  0.988589
6141.04841709137  0.9909617
6143.95099997521  0.9853477
6146.85358285904  0.9789692
6149.75616574288  0.9810863
6152.65874862671  0.9747918
6155.56133151055  0.9681454
6158.46391439438  0.971901
6161.36649727822  0.9717192
6164.26908016205  0.9747537
6167.17166304589  0.9836732
6170.07424592972  0.988243
6172.97682881356  0.9899855
6175.87941169739  0.9960477
6178.78199458123  1.002444
6181.68457746506  1.002527
6184.5871603489  0.9981518
6187.48974323273  1.000612
6190.39232611657  1.00546
6193.2949090004  1.003581
6196.19749188424  1.006596
6199.10007476807  1.019123
6202.00265765191  1.010487
6204.90524053574  1.006885
6207.80782341958  1.005874
6210.71040630341  1.003175
6213.61298918725  1.002681
6216.51557207108  0.9917615
6219.41815495492  0.9900694
6222.32073783875  0.9934692
6225.22332072258  0.9948134
6228.12590360642  0.9891069
6231.02848649025  0.9861961
6233.93106937409  0.9847531
6236.83365225792  0.9847432
6239.73623514176  0.9823408
6242.63881802559  0.9801872
6245.54140090943  0.9752432
6248.44398379326  0.981855
6251.3465666771  0.9882669
6254.24914956093  0.9818245
6257.15173244477  0.9865248
6260.0543153286  0.9866161
6262.95689821244  0.9868647
6265.85948109627  0.9823114
6268.76206398011  0.9770401
6271.66464686394  0.9849353
6274.56722974778  0.9899431
6277.46981263161  0.9793578
6280.37239551545  0.9851189
6283.27497839928  0.9781776
6286.17756128312  0.9770028
6289.08014416695  0.986643
6291.98272705079  0.9884302
6294.88530993462  0.9907685
6297.78789281845  0.9833567
6300.69047570229  0.9759734
6303.59305858612  0.9884384
6306.49564146996  0.9896681
6309.39822435379  0.9921395
6312.30080723763  1.001235
6315.20339012146  0.9964082
6318.1059730053  0.9925227
6321.00855588913  0.9999807
6323.91113877297  0.9973016
6326.8137216568  0.9982429
6329.71630454064  1.004336
6332.61888742447  1.004937
6335.52147030831  1.007011
6338.42405319214  1.007605
6341.32663607598  1.009696
6344.22921895981  1.006745
6347.13180184365  1.005886
6350.03438472748  1.002811
6352.93696761132  1.00189
6355.83955049515  1.0112
6358.74213337899  1.014214
6361.64471626282  1.01555
6364.54729914666  1.02208
6367.44988203049  1.018718
6370.35246491433  1.023821
6373.25504779816  1.023328
6376.157630682  1.022766
6379.06021356583  1.02204
6381.96279644967  1.018837
6384.8653793335  1.016176
6387.76796221733  1.019387
6390.67054510117  1.017431
6393.573127985  1.009369
6396.47571086884  1.011365
6399.37829375267  1.006167
6402.28087663651  1.000726
6405.18345952034  1.001859
6408.08604240418  1.007036
6410.98862528801  1.014049
6413.89120817185  1.011441
6416.79379105568  1.013879
6419.69637393952  1.019474
6422.59895682335  1.010773
6425.50153970719  1.006223
6428.40412259102  1.010393
6431.30670547486  1.019044
6434.20928835869  1.017588
6437.11187124253  1.01307
6440.01445412636  1.008653
6442.9170370102  1.01311
6445.81961989403  1.006136
6448.72220277787  1.007348
6451.6247856617  1.006238
6454.52736854554  1.000755
6457.42995142937  1.001796
6460.33253431321  0.9951763
6463.23511719704  1.00091
6466.13770008088  0.9941335
6469.04028296471  0.9921715
6471.94286584855  0.9992417
6474.84544873238  0.9913432
6477.74803161621  0.9836546
6480.65061450005  0.9813117
6483.55319738389  0.9786823
6486.45578026772  0.98054
6489.35836315155  0.994912
6492.26094603539  0.9922729
6495.16352891922  0.99671
6498.06611180306  0.9983749
6500.96869468689  0.9977168
6503.87127757073  0.9960408
6506.77386045456  1.012231
6509.6764433384  1.011899
6512.57902622223  1.013609
6515.48160910607  1.015899
6518.3841919899  1.012696
6521.28677487374  1.013107
6524.18935775757  1.008477
6527.09194064141  1.015486
6529.99452352524  1.01133
6532.89710640908  1.006961
6535.79968929291  0.9996175
6538.70227217675  0.9919144
6541.60485506058  0.9757501
6544.50743794442  0.9505454
6547.41002082825  0.9262409
6550.31260371209  0.9045455
6553.21518659592  0.8991299
6556.11776947976  0.8982832
6559.02035236359  0.8982924
6561.92293524743  0.9088771
6564.82551813126  0.9184052
6567.7281010151  0.9347908
6570.63068389893  0.9540929
6573.53326678276  0.9718081
6576.4358496666  0.996004
6579.33843255043  0.999303
6582.24101543427  0.9949894
6585.1435983181  1.003546
6588.04618120194  1.00786
6590.94876408577  1.005583
6593.85134696961  1.015883
6596.75392985344  1.020882
6599.65651273728  1.020953
6602.55909562111  1.021426
6605.46167850495  1.026292
6608.36426138878  1.030559
6611.26684427262  1.027039
6614.16942715645  1.026023
6617.07201004029  1.035154
6619.97459292412  1.037484
6622.87717580796  1.035519
6625.77975869179  1.029266
6628.68234157563  1.033918
6631.58492445946  1.033248
6634.4875073433  1.031757
6637.39009022713  1.027601
6640.29267311097  1.026788
6643.1952559948  1.032317
6646.09783887863  1.031936
6649.00042176247  1.031868
6651.9030046463  1.040171
6654.80558753014  1.038176
6657.70817041397  1.038976
6660.61075329781  1.036042
6663.51333618165  1.028336
6666.41591906548  1.028535
6669.31850194932  1.03385
6672.22108483315  1.039533
6675.12366771699  1.031435
6678.02625060082  1.029176
6680.92883348465  1.038682
6683.83141636849  1.040984
6686.73399925232  1.036517
6689.63658213616  1.03698
6692.53916501999  1.033101
6695.44174790383  1.032336
6698.34433078766  1.026671
6701.2469136715  1.025499
6704.14949655533  1.02134
6707.05207943917  1.020195
6709.954662323  1.022165
6712.85724520684  1.021094
6715.75982809067  1.025639
6718.66241097451  1.020962
6721.56499385834  1.030517
6724.46757674218  1.033394
6727.37015962601  1.025721
6730.27274250985  1.023905
6733.17532539368  1.017723
6736.07790827752  1.023113
6738.98049116135  1.023153
6741.88307404519  1.021496
6744.78565692902  1.021756
6747.68823981286  1.018081
6750.59082269669  1.026299
6753.49340558053  1.027151
6756.39598846436  1.016527
6759.2985713482  1.022615
6762.20115423203  1.028081
6765.10373711587  1.02115
6768.0063199997  1.015316
6770.90890288353  1.017552
6773.81148576737  1.020946
6776.7140686512  1.01458
6779.61665153504  1.024074
6782.51923441887  1.023763
6785.42181730271  1.025221
6788.32440018654  1.020473
6791.22698307038  1.019383
6794.12956595421  1.014535
6797.03214883805  1.012329
6799.93473172188  1.014522
6802.83731460572  1.010692
6805.73989748955  1.010378
6808.64248037339  1.020838
6811.54506325722  1.019445
6814.44764614106  1.011919
6817.35022902489  1.012624
6820.25281190873  1.012598
6823.15539479256  1.005761
6826.0579776764  1.009463
6828.96056056023  1.006564
6831.86314344407  1.000588
6834.7657263279  1.006238
6837.66830921174  1.002502
6840.57089209557  0.9936526
6843.4734749794  0.9931604
6846.37605786324  0.9839417
6849.27864074708  0.9661346
6852.18122363091  0.936953
6855.08380651475  0.9114215
6857.98638939858  0.8899426
6860.88897228242  0.8705767
6863.79155516625  0.8609099
6866.69413805009  0.8533466
6869.59672093392  0.8439525
6872.49930381775  0.8395081
6875.40188670159  0.8483081
6878.30446958542  0.8593472
6881.20705246926  0.8737977
6884.10963535309  0.8776224
6887.01221823693  0.8813188
6889.91480112076  0.893131
6892.8173840046  0.8993641
6895.71996688843  0.9005106
6898.62254977227  0.908718
6901.5251326561  0.9188303
6904.42771553994  0.9253871
6907.33029842377  0.9279654
6910.23288130761  0.9319023
6913.13546419144  0.9217636
6916.03804707528  0.9278594
6918.94062995911  0.9376156
6921.84321284295  0.9272143
6924.74579572678  0.921324
6927.64837861062  0.9176282
6930.55096149445  0.9148714
6933.45354437829  0.92483
6936.35612726212  0.9188333
6939.25871014596  0.9225346
6942.16129302979  0.9173155
6945.06387591363  0.925572
6947.96645879746  0.9297881
6950.8690416813  0.9347454
6953.77162456513  0.9423085
6956.67420744897  0.9510741
6959.5767903328  0.9590084
6962.47937321664  0.9654796
6965.38195610047  0.9633704
6968.2845389843  0.9618484
6971.18712186814  0.9650694
6974.08970475197  0.9671624
6976.99228763581  0.9584714
6979.89487051964  0.9506081
6982.79745340348  0.9441762
6985.70003628732  0.931227
6988.60261917115  0.9300702
6991.50520205498  0.9207739
6994.40778493882  0.9286164
6997.31036782265  0.91496
7000.21295070649  0.9260295
7003.11553359032  0.9202052
7006.01811647416  0.918336
7008.92069935799  0.917677
7011.82328224183  0.919892
7014.72586512566  0.9214026
7017.6284480095  0.9240608
7020.53103089333  0.9342631
7023.43361377717  0.9310006
7026.336196661  0.9365902
7029.23877954484  0.9524922
7032.14136242867  0.945579
7035.04394531251  0.9581404
7037.94652819634  0.9534001
7040.84911108018  0.9544301
7043.75169396401  0.9548491
7046.65427684784  0.9576357
7049.55685973168  0.9491401
7052.45944261552  0.9540461
7055.36202549935  0.9516708
7058.26460838319  0.9582819
7061.16719126702  0.9588279
7064.06977415085  0.9642924
7066.97235703469  0.9685985
7069.87493991852  0.9708146
7072.77752280236  0.9792215
7075.68010568619  0.9818156
7078.58268857003  0.9754895
7081.48527145386  0.9680962
7084.3878543377  0.9533471
7087.29043722153  0.9638627
7090.19302010537  0.9699145
7093.0956029892  0.9673746
7095.99818587304  0.9646998
7098.90076875687  0.9709267
7101.80335164071  0.9669807
7104.70593452454  0.9658563
7107.60851740838  0.9598149
7110.51110029221  0.9674472
7113.41368317605  0.9561847
7116.31626605988  0.9689633
7119.21884894372  0.9653462
7122.12143182755  0.9599057
7125.02401471139  0.9628619
7127.92659759522  0.9549081
7130.82918047906  0.9551017
7133.73176336289  0.9567549
7136.63434624673  0.9547158
7139.53692913056  0.9520633
7142.43951201439  0.9499658
7145.34209489823  0.9392608
7148.24467778206  0.9277261
7151.1472606659  0.8977815
7154.04984354973  0.8845511
7156.95242643357  0.8660324
7159.8550093174  0.8450682
7162.75759220124  0.8260488
7165.66017508507  0.7976125
7168.56275796891  0.774523
7171.46534085274  0.7593545
7174.36792373658  0.7524481
7177.27050662041  0.739962
7180.17308950425  0.7341601
7183.07567238808  0.7259237
7185.97825527192  0.7260879
7188.88083815575  0.7297831
7191.78342103959  0.7414531
7194.68600392342  0.761183
7197.58858680726  0.7872133
7200.49116969109  0.807176
7203.39375257493  0.8237079
7206.29633545876  0.8410741
7209.1989183426  0.8473709
7212.10150122643  0.8617559
7215.00408411027  0.8631337
7217.9066669941  0.8564249
7220.80924987794  0.8514726
7223.71183276177  0.8394223
7226.61441564561  0.8245874
7229.51699852944  0.8175989
7232.41958141328  0.8017972
7235.32216429711  0.7966952
7238.22474718095  0.8042804
7241.12733006478  0.8034163
7244.02991294861  0.7998255
7246.93249583245  0.8023885
7249.83507871628  0.809756
7252.73766160012  0.8080657
7255.64024448395  0.8124372
7258.54282736779  0.8118085
7261.44541025162  0.8112595
7264.34799313546  0.8076934
7267.25057601929  0.8199969
7270.15315890313  0.8134824
7273.05574178696  0.8126138
7275.9583246708  0.8124205
7278.86090755463  0.8184673
7281.76349043847  0.8216224
7284.6660733223  0.8248866
7287.56865620614  0.8182349
7290.47123908997  0.8265668
7293.37382197381  0.8249981
7296.27640485764  0.833805
7299.17898774148  0.8333969
7302.08157062531  0.8484578
7304.98415350915  0.8610471
7307.88673639298  0.863679
7310.78931927682  0.8755427
7313.69190216065  0.8779381
7316.59448504449  0.8879822
7319.49706792832  0.9064402
7322.39965081216  0.9222455
7325.30223369599  0.9232358
7328.20481657982  0.9325517
7331.10739946366  0.9404639
7334.00998234749  0.9450881
7336.91256523133  0.9404224
7339.81514811516  0.9521533
7342.717730999  0.9572726
7345.62031388283  0.9580838
7348.52289676667  0.9497954
7351.4254796505  0.9522577
7354.32806253434  0.9594185
7357.23064541817  0.9561133
7360.13322830201  0.9598765
7363.03581118584  0.9688459
7365.93839406968  0.969879
7368.84097695351  0.964864
7371.74355983735  0.9739013
7374.64614272118  0.9725787
7377.54872560502  0.9790025
7380.45130848885  0.9798258
7383.35389137269  0.9810941
7386.25647425652  0.9941663
7389.15905714036  0.9971021
7392.06164002419  0.9978645
7394.96422290803  0.9950594
7397.86680579186  0.9877444
7400.7693886757  0.9794512
7403.67197155953  0.9880742
7406.57455444337  0.9866915
7409.4771373272  0.9736434
7412.37972021104  0.9906165
7415.28230309487  1.002903
7418.1848859787  0.9947496
7421.08746886254  1.007427
7423.99005174637  1.005587
7426.89263463021  1.003797
7429.79521751404  1.009768
7432.69780039788  1.006863
7435.60038328172  1.015183
7438.50296616555  1.010212
7441.40554904938  1.018378
7444.30813193322  1.016027
7447.21071481705  1.015017
7450.11329770089  1.013654
7453.01588058472  1.020049
7455.91846346856  1.019727
7458.82104635239  1.022629
7461.72362923623  1.02825
7464.62621212006  1.030122
7467.5287950039  1.024198
7470.43137788773  1.017059
7473.33396077157  1.02993
7476.2365436554  1.029473
7479.13912653924  1.023782
7482.04170942307  1.026485
7484.94429230691  1.02855
7487.84687519074  1.022247
7490.74945807458  1.024473
7493.65204095841  1.026119
7496.55462384225  1.041783
7499.45720672608  1.03441
7502.35978960992  1.033121
7505.26237249375  1.046025
7508.16495537759  1.059148
7511.06753826142  1.074913
7513.97012114526  1.064726
7516.87270402909  1.074253
7519.77528691292  1.080311
7522.67786979676  1.081417
7525.58045268059  1.074011
7528.48303556443  1.054382
7531.38561844826  1.055498
7534.2882013321  1.047048
7537.19078421593  1.032892
7540.09336709977  1.045172
7542.9959499836  1.031813
7545.89853286744  1.040207
7548.80111575127  1.039862
7551.70369863511  1.035135
7554.60628151894  1.03353
7557.50886440278  1.037622
7560.41144728661  1.028574
7563.31403017045  1.023219
7566.21661305428  1.034839
7569.11919593812  1.018583
7572.02177882195  1.010866
7574.92436170579  0.9629107
7577.82694458962  0.9166396
7580.72952747346  0.8296124
7583.63211035729  0.7561628
7586.53469324113  0.6939101
7589.43727612496  0.5992509
7592.3398590088  0.5443545
7595.24244189263  0.5011016
7598.14502477646  0.464415
7601.0476076603  0.4705748
7603.95019054413  0.4753768
7606.85277342797  0.4710146
7609.7553563118  0.4845389
7612.65793919564  0.517787
7615.56052207947  0.537864
7618.46310496331  0.5536365
7621.36568784714  0.5673011
7624.26827073098  0.5753307
7627.17085361481  0.5919525
7630.07343649865  0.611246
7632.97601938248  0.6298689
7635.87860226632  0.6556858
7638.78118515015  0.7062537
7641.68376803399  0.7511392
7644.58635091782  0.7958905
7647.48893380166  0.8091643
7650.39151668549  0.8034644
7653.29409956933  0.8334066
7656.19668245316  0.8554403
7659.099265337  0.8841422
7662.00184822083  0.8941559
7664.90443110467  0.9168969
7667.8070139885  0.9454002
7670.70959687234  0.9454812
7673.61217975617  0.9829639
7676.51476264001  0.9825584
7679.41734552384  0.9877517
7682.31992840768  0.994099
7685.22251129151  1.013363
7688.12509417535  1.008896
7691.02767705918  1.01879
7693.93025994301  1.012233
7696.83284282685  1.017766
7699.73542571069  1.011926
7702.63800859452  1.02109
7705.54059147836  1.021094
7708.44317436219  1.018516
7711.34575724602  1.028785
7714.24834012986  1.032026
7717.15092301369  1.03475
7720.05350589753  1.038401
7722.95608878136  1.031966
7725.8586716652  1.038951
7728.76125454903  1.052209
7731.66383743287  1.079534
7734.5664203167  1.078678
7737.46900320054  1.052008
7740.37158608437  1.024711
7743.27416896821  1.030136
7746.17675185204  1.023877
7749.07933473588  1.019972
7751.98191761971  1.014551
7754.88450050355  1.027601
7757.78708338738  1.027752
7760.68966627122  1.021278
7763.59224915505  1.016756
7766.49483203889  1.009569
7769.39741492272  1.009074
7772.29999780656  1.01528
7775.20258069039  1.003993
7778.10516357423  1.002251
7781.00774645806  1.015113
7783.9103293419  1.008869
7786.81291222573  1.001795
7789.71549510956  1.014936
7792.6180779934  1.020321
7795.52066087723  1.008273
7798.42324376107  1.003766
7801.3258266449  1.011684
7804.22840952874  0.9995936
7807.13099241257  0.9955213
7810.03357529641  1.016283
7812.93615818024  1.007964
7815.83874106408  0.9996545
7818.74132394791  0.9940731
7821.64390683175  0.9946945
7824.54648971558  1.002601
7827.44907259942  0.983745
7830.35165548325  0.9847102
7833.25423836709  0.9822326
7836.15682125092  0.9772803
7839.05940413476  0.9853154
7841.96198701859  0.9748858
7844.86456990243  0.9676049
7847.76715278626  0.9640128
7850.6697356701  0.966844
7853.57231855393  0.9689412
7856.47490143777  0.9698249
7859.3774843216  0.952083
7862.28006720544  0.9494652
7865.18265008927  0.9523273
7868.08523297311  0.9365119
7870.98781585694  0.9542218
7873.89039874078  0.9457462
7876.79298162461  0.9401488
7879.69556450845  0.9351175
7882.59814739228  0.9439679
7885.50073027612  0.9231757
7888.40331315995  0.9201008
7891.30589604378  0.9289043
7894.20847892762  0.9280462
