4061.49829101562  0.6617802
4064.40456032753  0.6638129
4067.31082963943  0.6658615
4070.21709895134  0.667921
4073.12336826324  0.6699967
4076.02963757515  0.6720857
4078.93590688705  0.6741861
4081.84217619896  0.6760422
4084.74844551086  0.6318943
4087.65471482277  0.624143
4090.56098413467  0.623763
4093.46725344658  0.6446385
4096.37352275848  0.7139253
4099.27979207039  0.7335149
4102.18606138229  0.8010519
4105.0923306942  0.83147
4107.9986000061  0.8743795
4110.90486931801  0.8726632
4113.81113862991  0.897237
4116.71740794182  0.8972765
4119.62367725372  0.9118034
4122.52994656563  0.9519649
4125.43621587753  0.9338939
4128.34248518944  0.9373087
4131.24875450134  0.9462946
4134.15502381325  0.9876493
4137.06129312515  0.9903423
4139.96756243706  0.996313
4142.87383174896  0.9969075
4145.78010106087  0.964161
4148.68637037277  0.9708473
4151.59263968468  0.9927491
4154.49890899658  0.9889643
4157.40517830849  0.9689179
4160.31144762039  0.9648938
4163.2177169323  0.9688306
4166.1239862442  0.9656194
4169.03025555611  0.9722758
4171.93652486801  0.9853827
4174.84279417992  1.004577
4177.74906349182  0.9969294
4180.65533280373  0.9934849
4183.56160211563  1.013204
4186.46787142754  0.9921213
4189.37414073944  1.014732
4192.28041005135  1.007952
4195.18667936325  1.000008
4198.09294867515  1.002034
4200.99921798706  1.021039
4203.90548729897  1.018671
4206.81175661087  1.02
4209.71802592278  1.009359
4212.62429523468  1.005138
4215.53056454658  1.004036
4218.43683385849  1.01282
4221.3431031704  0.9951733
4224.2493724823  1.000402
4227.15564179421  0.9961712
4230.06191110611  0.9892239
4232.96818041801  0.9865063
4235.87444972992  0.9704916
4238.78071904182  0.980661
4241.68698835373  0.9892833
4244.59325766563  1.002299
4247.49952697754  0.9944236
4250.40579628944  1.006818
4253.31206560135  1.013002
4256.21833491325  0.9968932
4259.12460422516  0.9975995
4262.03087353706  0.9917247
4264.93714284897  0.9933425
4267.84341216087  0.9948484
4270.74968147278  1.00528
4273.65595078468  0.9821599
4276.56222009659  1.001045
4279.46848940849  0.9934337
4282.3747587204  0.996441
4285.2810280323  0.9755426
4288.18729734421  0.9912916
4291.09356665611  0.953586
4293.99983596802  0.9734483
4296.90610527992  0.9842093
4299.81237459183  0.9711195
4302.71864390373  0.9713179
4305.62491321564  0.9490302
4308.53118252754  0.9546999
4311.43745183945  0.9304273
4314.34372115135  0.9187971
4317.24999046326  0.8770525
4320.15625977516  0.8158718
4323.06252908707  0.7445872
4325.96879839897  0.6631578
4328.87506771088  0.6202481
4331.78133702278  0.6309757
4334.68760633469  0.6704319
4337.59387564659  0.7275304
4340.5001449585  0.7677558
4343.4064142704  0.8236905
4346.31268358231  0.8666326
4349.21895289421  0.9048795
4352.12522220612  0.9050983
4355.03149151802  0.9504426
4357.93776082993  0.9545808
4360.84403014183  0.9668099
4363.75029945374  0.9825205
4366.65656876564  0.9780859
4369.56283807755  0.9733524
4372.46910738945  0.9705794
4375.37537670135  0.9764178
4378.28164601326  0.9741647
4381.18791532517  0.9773839
4384.09418463707  0.9736997
4387.00045394898  0.980102
4389.90672326088  0.9692106
4392.81299257278  1.002782
4395.71926188469  0.9927046
4398.62553119659  0.9871175
4401.5318005085  1.005469
4404.4380698204  1.001436
4407.34433913231  0.9964412
4410.25060844421  0.9975009
4413.15687775612  1.010046
4416.06314706802  1.031802
4418.96941637993  1.003744
4421.87568569183  1.020666
4424.78195500374  1.027016
4427.68822431564  1.010343
4430.59449362755  1.014192
4433.50076293945  1.018544
4436.40703225136  1.022998
4439.31330156326  1.024031
4442.21957087517  1.0107
4445.12584018707  1.015814
4448.03210949898  1.023437
4450.93837881088  0.9978458
4453.84464812279  1.002908
4456.75091743469  1.006475
4459.6571867466  0.9868189
4462.5634560585  0.9816249
4465.46972537041  0.984013
4468.37599468231  0.9713985
4471.28226399422  0.9674055
4474.18853330612  0.9681015
4477.09480261803  0.9863076
4480.00107192993  0.985018
4482.90734124184  0.994357
4485.81361055374  1.011649
4488.71987986565  1.008554
4491.62614917755  1.00785
4494.53241848946  0.9962491
4497.43868780136  1.010866
4500.34495711327  1.016049
4503.25122642517  1.014845
4506.15749573708  1.013541
4509.06376504898  1.018695
4511.97003436089  1.018024
4514.87630367279  1.017666
4517.7825729847  1.007585
4520.6888422966  0.9997238
4523.59511160851  1.006485
4526.50138092041  1.007179
4529.40765023232  0.990963
4532.31391954422  0.9980268
4535.22018885612  0.9837174
4538.12645816803  0.9653058
4541.03272747994  0.9838036
4543.93899679184  0.9768975
4546.84526610375  0.9844843
4549.75153541565  0.9763264
4552.65780472755  0.987501
4555.56407403946  0.968969
4558.47034335137  0.9757761
4561.37661266327  0.9797004
4564.28288197518  0.9903517
4567.18915128708  0.9835544
4570.09542059898  0.984441
4573.00168991089  0.9888787
4575.90795922279  0.9938557
4578.8142285347  0.9989045
4581.7204978466  0.9914308
4584.62676715851  1.002299
4587.53303647041  1.001843
4590.43930578232  1.016119
4593.34557509422  0.993592
4596.25184440613  1.006225
4599.15811371803  1.014764
4602.06438302994  1.022411
4604.97065234184  1.002579
4607.87692165375  1.002837
4610.78319096565  0.9910133
4613.68946027756  1.002296
4616.59572958946  0.9906694
4619.50199890137  0.9909225
4622.40826821327  0.98475
4625.31453752518  0.9818716
4628.22080683708  0.9754974
4631.12707614899  0.9779083
4634.03334546089  0.9752173
4636.9396147728  0.9780558
4639.8458840847  0.9674201
4642.75215339661  0.9842064
4645.65842270851  0.9938927
4648.56469202042  0.9835442
4651.47096133232  0.9842584
4654.37723064423  0.9688739
4657.28349995613  0.976674
4660.18976926804  0.98848
4663.09603857994  0.9867519
4666.00230789185  0.9921352
4668.90857720375  1.001105
4671.81484651566  0.9967058
4674.72111582756  0.9974948
4677.62738513947  0.9966627
4680.53365445137  0.9958651
4683.43992376328  0.9980641
4686.34619307518  0.9885124
4689.25246238709  0.9983614
4692.15873169899  1.001899
4695.0650010109  1.003168
4697.9712703228  0.9996108
4700.87753963471  0.9891959
4703.78380894661  0.9941365
4706.69007825852  0.9837377
4709.59634757042  0.9926074
4712.50261688233  0.9969049
4715.40888619423  0.9904329
4718.31515550614  0.9873732
4721.22142481804  0.9737601
4724.12769412995  0.973786
4727.03396344185  0.9762664
4729.94023275376  0.9759225
4732.84650206566  0.9718072
4735.75277137756  0.9756706
4738.65904068947  0.9742828
4741.56531000137  0.9821361
4744.47157931328  0.988213
4747.37784862518  0.9818516
4750.28411793709  0.9787533
4753.19038724899  0.9884623
4756.0966565609  0.9915629
4759.0029258728  0.9939656
4761.90919518471  0.9903913
4764.81546449661  0.9944696
4767.72173380852  0.9947847
4770.62800312042  0.9889828
4773.53427243233  0.9897308
4776.44054174423  0.9901648
4779.34681105614  0.9934636
4782.25308036804  1.000003
4785.15934967995  0.9947661
4788.06561899185  1.003965
4790.97188830376  0.9917035
4793.87815761566  0.9879459
4796.78442692757  0.9888852
4799.69069623947  0.9786144
4802.59696555138  0.9832457
4805.50323486328  0.9818356
4808.40950417519  0.9769488
4811.31577348709  0.977784
4814.222042799  0.9686547
4817.1283121109  0.9698155
4820.03458142281  0.9720176
4822.94085073471  0.9700751
4825.84712004662  0.9556708
4828.75338935852  0.9399136
4831.65965867043  0.9288273
4834.56592798233  0.9128398
4837.47219729424  0.8888687
4840.37846660614  0.8484842
4843.28473591805  0.8013216
4846.19100522995  0.7202113
4849.09727454186  0.642498
4852.00354385376  0.6080229
4854.90981316567  0.6199974
4857.81608247757  0.6727154
4860.72235178948  0.7344065
4863.62862110138  0.7934483
4866.53489041329  0.8312012
4869.44115972519  0.870855
4872.3474290371  0.9103945
4875.253698349  0.9335777
4878.15996766091  0.9594852
4881.06623697281  0.9733811
4883.97250628472  0.972387
4886.87877559662  0.9775852
4889.78504490853  0.9946085
4892.69131422043  0.9946597
4895.59758353234  0.9874688
4898.50385284424  0.9898292
4901.41012215615  0.9925461
4904.31639146805  0.9889151
4907.22266077996  0.9838122
4910.12893009186  0.9818276
4913.03519940376  0.9740274
4915.94146871567  0.9723854
4918.84773802757  0.9772624
4921.75400733948  0.9803573
4924.66027665139  0.9815904
4927.56654596329  0.9884096
4930.47281527519  0.986312
4933.3790845871  0.9798991
4936.285353899  0.9841393
4939.19162321091  0.985119
4942.09789252281  0.9910811
4945.00416183472  0.9992845
4947.91043114662  0.9896483
4950.81670045853  0.9985359
4953.72296977043  1.002494
4956.62923908234  0.9969306
4959.53550839424  0.9951083
4962.44177770615  1.001547
4965.34804701805  1.000384
4968.25431632996  1.003818
4971.16058564186  1.005307
4974.06685495377  1.001494
4976.97312426567  1.020483
4979.87939357758  1.005929
4982.78566288948  1.013638
4985.69193220139  1.00821
4988.59820151329  1.004993
4991.5044708252  1.00637
4994.4107401371  1.013292
4997.31700944901  1.008167
5000.22327876091  0.9988607
5003.12954807282  0.9959866
5006.03581738472  0.9946527
5008.94208669663  0.9822084
5011.84835600853  0.9835691
5014.75462532044  0.9901018
5017.66089463234  0.9871129
5020.56716394425  0.9911512
5023.47343325615  0.9765796
5026.37970256806  0.977609
5029.28597187996  0.9714049
5032.19224119187  0.9825334
5035.09851050377  0.9778059
5038.00477981568  0.9803755
5040.91104912758  0.992803
5043.81731843949  0.9806831
5046.72358775139  0.9792765
5049.6298570633  0.9806491
5052.5361263752  0.9896803
5055.4423956871  0.9876285
5058.34866499901  0.9885254
5061.25493431092  1.004996
5064.16120362282  1.004972
5067.06747293473  1.001804
5069.97374224663  1.008761
5072.88001155853  1.008981
5075.78628087044  1.003247
5078.69255018234  1.002543
5081.59881949425  1.016899
5084.50508880616  1.015784
5087.41135811806  1.017282
5090.31762742996  1.019079
5093.22389674187  1.014006
5096.13016605377  1.012268
5099.03643536568  1.015507
5101.94270467759  1.018858
5104.84897398949  1.014201
5107.75524330139  1.008042
5110.6615126133  1.011295
5113.5677819252  1.021112
5116.47405123711  1.018348
5119.38032054901  1.003942
5122.28658986092  1.012214
5125.19285917282  1.01296
5128.09912848473  0.9970806
5131.00539779663  0.9957733
5133.91166710854  1.007325
5136.81793642044  1.002841
5139.72420573235  0.9947031
5142.63047504425  0.9932677
5145.53674435616  0.9955176
5148.44301366806  0.9968541
5151.34928297997  0.997071
5154.25555229187  0.9941478
5157.16182160378  0.9953489
5160.06809091568  0.9936216
5162.97436022759  0.9937615
5165.88062953949  0.997419
5168.7868988514  0.9998445
5171.6931681633  1.012442
5174.59943747521  1.007117
5177.50570678711  1.011061
5180.41197609902  1.003825
5183.31824541092  1.001914
5186.22451472283  1.021103
5189.13078403473  1.02144
5192.03705334664  1.017606
5194.94332265854  1.020781
5197.84959197045  1.030316
5200.75586128235  1.027859
5203.66213059426  1.030637
5206.56839990616  1.028574
5209.47466921807  1.026914
5212.38093852997  1.021087
5215.28720784188  1.014943
5218.19347715378  1.018415
5221.09974646569  1.028853
5224.00601577759  1.018301
5226.9122850895  1.012447
5229.8185544014  1.019065
5232.72482371331  1.018083
5235.63109302521  1.021412
5238.53736233712  1.013549
5241.44363164902  1.005388
5244.34990096093  1.01099
5247.25617027283  1.005856
5250.16243958474  1.001771
5253.06870889664  1.010648
5255.97497820854  1.009814
5258.88124752045  1.01079
5261.78751683236  0.998868
5264.69378614426  0.9986024
5267.60005545616  1.003175
5270.50632476807  1.003724
5273.41259407997  1.003553
5276.31886339188  1.00725
5279.22513270378  1.012858
5282.13140201569  1.010359
5285.03767132759  1.012657
5287.9439406395  1.013769
5290.8502099514  1.015412
5293.75647926331  1.019266
5296.66274857521  1.022014
5299.56901788712  1.02564
5302.47528719902  1.024793
5305.38155651093  1.016233
5308.28782582283  1.021068
5311.19409513474  1.023341
5314.10036444664  1.025787
5317.00663375855  1.024633
5319.91290307045  1.022279
5322.81917238236  1.030277
5325.72544169426  1.032062
5328.63171100617  1.029602
5331.53798031807  1.033733
5334.44424962998  1.034768
5337.35051894188  1.030756
5340.25678825379  1.032748
5343.16305756569  1.036715
5346.0693268776  1.017851
5348.9755961895  1.020705
5351.88186550141  1.030378
5354.78813481331  1.020817
5357.69440412522  1.021344
5360.60067343712  1.019101
5363.50694274903  1.018655
5366.41321206093  1.01764
5369.31948137284  1.020524
5372.22575068474  1.021748
5375.13201999665  1.012933
5378.03828930855  1.012917
5380.94455862046  1.015337
5383.85082793236  1.020204
5386.75709724427  1.011226
5389.66336655617  1.010278
5392.56963586808  1.005347
5395.47590517998  1.009265
5398.38217449189  1.017398
5401.28844380379  1.016255
5404.1947131157  1.016735
5407.1009824276  1.020128
5410.00725173951  1.019423
5412.91352105141  1.02347
5415.81979036331  1.020209
5418.72605967522  1.017573
5421.63232898713  1.023398
5424.53859829903  1.016838
5427.44486761093  1.026263
5430.35113692284  1.023336
5433.25740623474  1.019547
5436.16367554665  1.031645
5439.06994485856  1.022912
5441.97621417046  1.027441
5444.88248348236  1.033225
5447.78875279427  1.028264
5450.69502210617  1.024977
5453.60129141808  1.028562
5456.50756072998  1.016514
5459.41383004189  1.01974
5462.32009935379  1.027714
5465.2263686657  1.019785
5468.1326379776  1.015944
5471.03890728951  1.014956
5473.94517660141  1.005484
5476.85144591332  1.009679
5479.75771522522  1.016684
5482.66398453713  0.9992142
5485.57025384903  1.01085
5488.47652316094  1.015733
5491.38279247284  1.009175
5494.28906178475  0.9984827
5497.19533109665  1.002646
5500.10160040856  0.9941303
5503.00786972046  0.9986399
5505.91413903237  1.000029
5508.82040834427  0.997256
5511.72667765618  1.007925
5514.63294696808  1.01367
5517.53921627999  0.9962401
5520.44548559189  1.000341
5523.3517549038  0.9951932
5526.2580242157  1.005338
5529.16429352761  1.013765
5532.07056283951  1.002892
5534.97683215142  1.003295
5537.88310146332  1.010124
5540.78937077523  0.9980347
5543.69564008713  1.015427
5546.60190939904  1.013312
5549.50817871094  1.010956
5552.41444802285  1.005235
5555.32071733475  1.017848
5558.22698664666  1.024284
5561.13325595856  1.015272
5564.03952527047  1.017647
5566.94579458237  1.015355
5569.85206389428  1.011936
5572.75833320618  1.011692
5575.66460251809  1.012178
5578.57087182999  1.020574
5581.4771411419  1.015515
5584.3834104538  1.002929
5587.28967976571  1.005709
5590.19594907761  1.004377
5593.10221838952  1.011081
5596.00848770142  1.009586
5598.91475701332  1.01185
5601.82102632523  1.006487
5604.72729563714  0.9984404
5607.63356494904  0.9926859
5610.53983426094  1.00234
5613.44610357285  0.9998863
5616.35237288475  1.002964
5619.25864219666  0.9888752
5622.16491150857  0.9899809
5625.07118082047  0.9959323
5627.97745013237  0.9912165
5630.88371944428  0.9838175
5633.78998875618  0.9905182
5636.69625806809  0.9790036
5639.60252738  0.9835608
5642.5087966919  0.9765416
5645.4150660038  0.9854785
5648.32133531571  0.9758003
5651.22760462761  0.975489
5654.13387393952  0.9799936
5657.04014325142  0.9797635
5659.94641256333  0.9865898
5662.85268187523  0.9896758
5665.75895118714  0.9859921
5668.66522049904  0.9955925
5671.57148981095  0.9817731
5674.47775912285  0.9736915
5677.38402843476  0.9759515
5680.29029774666  0.9844916
5683.19656705857  0.9851661
5686.10283637047  0.9769481
5689.00910568238  0.9847129
5691.91537499428  0.9846263
5694.82164430619  0.9886512
5697.72791361809  0.9821635
5700.63418293  0.9775238
5703.5404522419  0.9833786
5706.44672155381  0.9835633
5709.35299086571  0.9820977
5712.25926017762  0.9751914
5715.16552948952  0.9800147
5718.07179880143  0.979714
5720.97806811333  0.9906673
5723.88433742524  0.979623
5726.79060673714  0.9728855
5729.69687604905  0.9723434
5732.60314536095  0.9823608
5735.50941467286  0.9732002
5738.41568398476  0.9793857
5741.32195329667  0.9708318
5744.22822260857  0.9703237
5747.13449192048  0.9777381
5750.04076123238  0.977003
5752.94703054429  0.9741182
5755.85329985619  0.9677204
5758.75956916809  0.9651497
5761.66583848  0.9796005
5764.5721077919  0.9632001
5767.47837710381  0.9641905
5770.38464641571  0.9679352
5773.29091572762  0.9627182
5776.19718503953  0.9714347
5779.10345435143  0.9683039
5782.00972366333  0.9688228
5784.91599297524  0.9745021
5787.82226228714  0.9680493
5790.72853159905  0.9649262
5793.63480091095  0.9714392
5796.54107022286  0.9737773
5799.44733953476  0.9759489
5802.35360884667  0.9774566
5805.25987815857  0.9784192
5808.16614747048  0.9745683
5811.07241678238  0.96487
5813.97868609429  0.9781526
5816.88495540619  0.9860858
5819.7912247181  0.977889
5822.69749403  0.9795739
5825.60376334191  0.9865952
5828.51003265381  0.9775057
5831.41630196572  0.9858229
5834.32257127762  0.9807132
5837.22884058953  0.9786237
5840.13510990143  0.9911695
5843.04137921334  0.9710562
5845.94764852524  0.9769948
5848.85391783715  0.9895749
5851.76018714905  0.9900094
5854.66645646096  0.9809638
5857.57272577286  0.9746875
5860.47899508477  0.960556
5863.38526439667  0.9674848
5866.29153370858  0.9605342
5869.19780302048  0.9552102
5872.10407233239  0.9497405
5875.01034164429  0.9387548
5877.9166109562  0.9452755
5880.8228802681  0.9358333
5883.72914958001  0.9320341
5886.63541889191  0.9265476
5889.54168820382  0.9301969
5892.44795751572  0.9281291
5895.35422682763  0.9369075
5898.26049613953  0.9452065
5901.16676545143  0.9328985
5904.07303476334  0.9343342
5906.97930407525  0.9331549
5909.88557338715  0.9375733
5912.79184269906  0.9312282
5915.69811201096  0.9380444
5918.60438132286  0.9366074
5921.51065063477  0.9396045
5924.41691994667  0.9490553
5927.32318925858  0.943531
5930.22945857048  0.9351348
5933.13572788239  0.9351401
5936.04199719429  0.9321902
5938.9482665062  0.9360369
5941.8545358181  0.9387071
5944.76080513001  0.9399497
5947.66707444191  0.9369793
5950.57334375382  0.9471791
5953.47961306572  0.9410716
5956.38588237763  0.9495913
5959.29215168953  0.9433299
5962.19842100144  0.9596719
5965.10469031334  0.954639
5968.01095962525  0.9520206
5970.91722893715  0.9628385
5973.82349824906  0.9575744
5976.72976756096  0.9540551
5979.63603687287  0.9527479
5982.54230618477  0.9628404
5985.44857549668  0.9616681
5988.35484480858  0.9616544
5991.26111412049  0.9620979
5994.16738343239  0.9684463
5997.0736527443  0.9740669
5999.9799220562  0.9761435
6002.88619136811  0.9745758
6005.79246068001  0.967376
6008.69872999192  0.9800718
6011.60499930382  0.9777479
6014.51126861573  0.972737
6017.41753792763  0.976968
6020.32380723954  0.9741974
6023.23007655144  0.9797865
6026.13634586335  0.973177
6029.04261517525  0.968435
6031.94888448716  0.9801272
6034.85515379906  0.9724748
6037.76142311097  0.9814299
6040.66769242287  0.9781474
6043.57396173478  0.9758104
6046.48023104668  0.9849533
6049.38650035859  0.9706236
6052.29276967049  0.9647878
6055.1990389824  0.9714229
6058.1053082943  0.9704779
6061.01157760621  0.9699576
6063.91784691811  0.9756495
6066.82411623002  0.9713919
6069.73038554192  0.9721639
6072.63665485383  0.9742799
6075.54292416573  0.9729822
6078.44919347764  0.9776742
6081.35546278954  0.9769905
6084.26173210145  0.9750084
6087.16800141335  0.9770843
6090.07427072526  0.9858593
6092.98054003716  0.9827765
6095.88680934907  0.9863178
6098.79307866097  0.982928
6101.69934797287  0.9776416
6104.60561728478  0.9835107
6107.51188659668  0.9725289
6110.41815590859  0.9781479
6113.3244252205  0.9853234
6116.2306945324  0.9886306
6119.1369638443  0.9933562
6122.04323315621  0.9918892
6124.94950246811  0.9941297
6127.85577178002  0.9888709
6130.76204109192  0.988214
6133.66831040383  0.9891863
6136.57457971573  0.9842162
6139.48084902764  0.9814727
6142.38711833954  0.9829664
6145.29338765145  0.9866736
6148.19965696335  0.9868026
6151.10592627526  0.9862295
6154.01219558716  0.9935842
6156.91846489907  0.9932776
6159.82473421097  0.9988339
6162.73100352288  0.9962595
6165.63727283478  0.9946514
6168.54354214669  0.9923111
6171.44981145859  0.9971277
6174.3560807705  0.9927798
6177.2623500824  0.9923066
6180.16861939431  0.9870627
6183.07488870621  0.9961843
6185.98115801812  0.9974054
6188.88742733002  0.9917008
6191.79369664193  1.001515
6194.69996595383  1.002327
6197.60623526574  0.9975885
6200.51250457764  0.9888245
6203.41877388955  0.9937841
6206.32504320145  0.9919873
6209.23131251336  0.9915556
6212.13758182526  0.9909689
6215.04385113717  0.9919849
6217.95012044907  0.9969724
6220.85638976098  0.993038
6223.76265907288  0.9907119
6226.66892838479  0.9928092
6229.57519769669  0.9813938
6232.4814670086  0.9974809
6235.3877363205  0.997208
6238.29400563241  0.9820357
6241.20027494431  0.9865358
6244.10654425622  0.9945776
6247.01281356812  0.9880012
6249.91908288003  0.9919658
6252.82535219193  0.9958648
6255.73162150384  0.9926367
6258.63789081574  0.9955114
6261.54416012765  0.9846702
6264.45042943955  0.9838455
6267.35669875145  0.9742536
6270.26296806336  0.9705138
6273.16923737527  0.980609
6276.07550668717  0.9813541
6278.98177599908  0.980025
6281.88804531098  0.9851833
6284.79431462288  0.9966662
6287.70058393479  0.9917018
6290.60685324669  0.9765625
6293.5131225586  0.990964
6296.41939187051  1.00051
6299.32566118241  0.9950961
6302.23193049431  0.9972954
6305.13819980622  1.011495
6308.04446911812  1.011572
6310.95073843003  1.004449
6313.85700774193  1.003471
6316.76327705384  1.003581
6319.66954636574  1.009716
6322.57581567765  1.014167
6325.48208498955  1.010496
6328.38835430146  1.005233
6331.29462361336  1.01304
6334.20089292527  1.005794
6337.10716223717  0.9960318
6340.01343154908  1.013277
6342.91970086098  1.012117
6345.82597017289  1.014041
6348.73223948479  1.01432
6351.6385087967  1.011387
6354.5447781086  1.019612
6357.45104742051  1.027678
6360.35731673241  1.012895
6363.26358604432  1.001629
6366.16985535622  1.019462
6369.07612466813  1.018949
6371.98239398003  1.011994
6374.88866329194  1.020094
6377.79493260384  1.022541
6380.70120191575  1.017454
6383.60747122765  1.018047
6386.51374053956  1.026773
6389.42000985146  1.019849
6392.32627916337  1.024646
6395.23254847527  1.030892
6398.13881778718  1.022082
6401.04508709908  1.014965
6403.95135641099  1.014686
6406.85762572289  1.017793
6409.7638950348  1.016387
6412.6701643467  1.019707
6415.57643365861  1.027407
6418.48270297051  1.018051
6421.38897228242  1.016063
6424.29524159432  1.018694
6427.20151090623  1.024886
6430.10778021813  1.027889
6433.01404953004  1.015525
6435.92031884194  1.02953
6438.82658815384  1.038538
6441.73285746575  1.018263
6444.63912677765  1.013889
6447.54539608956  1.023315
6450.45166540147  1.013482
6453.35793471337  1.012767
6456.26420402527  1.017719
6459.17047333718  1.017756
6462.07674264909  1.0097
6464.98301196099  1.008438
6467.88928127289  1.008397
6470.7955505848  1.007056
6473.7018198967  1.019161
6476.60808920861  1.018583
6479.51435852051  1.008238
6482.42062783242  1.02035
6485.32689714432  1.024025
6488.23316645623  1.019853
6491.13943576813  1.018287
6494.04570508004  1.038953
6496.95197439194  1.037029
6499.85824370385  1.021042
6502.76451301575  1.015412
6505.67078232766  1.003549
6508.57705163956  1.006602
6511.48332095147  1.014156
6514.38959026337  1.014727
6517.29585957528  1.013903
6520.20212888718  1.011393
6523.10839819909  1.017954
6526.01466751099  1.005464
6528.9209368229  1.005102
6531.8272061348  0.9866852
6534.73347544671  0.9612986
6537.63974475861  0.9463852
6540.54601407052  0.9210049
6543.45228338242  0.8722898
6546.35855269433  0.8100721
6549.26482200623  0.7686318
6552.17109131814  0.7450175
6555.07736063004  0.7512273
6557.98362994195  0.7760886
6560.88989925385  0.8150184
6563.79616856576  0.8481109
6566.70243787766  0.8952129
6569.60870718957  0.9184793
6572.51497650147  0.9434686
6575.42124581338  0.971855
6578.32751512528  0.9797235
6581.23378443719  0.9909089
6584.14005374909  0.9957116
6587.046323061  1.005414
6589.9525923729  1.016448
6592.85886168481  1.010569
6595.76513099671  1.016569
6598.67140030862  1.032151
6601.57766962052  1.03009
6604.48393893242  1.017355
6607.39020824433  1.024632
6610.29647755623  1.041618
6613.20274686814  1.041798
6616.10901618005  1.036008
6619.01528549195  1.038624
6621.92155480385  1.045028
6624.82782411576  1.048991
6627.73409342766  1.038891
6630.64036273957  1.03841
6633.54663205147  1.043232
6636.45290136338  1.041646
6639.35917067528  1.051966
6642.26543998719  1.061227
6645.17170929909  1.038957
6648.077978611  1.043447
6650.9842479229  1.054868
6653.89051723481  1.042854
6656.79678654671  1.056741
6659.70305585862  1.07077
6662.60932517052  1.047773
6665.51559448243  1.046532
6668.42186379433  1.046571
6671.32813310624  1.047647
6674.23440241814  1.055667
6677.14067173005  1.060935
6680.04694104195  1.060637
6682.95321035386  1.052924
6685.85947966576  1.050712
6688.76574897767  1.057322
6691.67201828957  1.059254
6694.57828760148  1.057352
6697.48455691338  1.063962
6700.39082622529  1.056792
6703.29709553719  1.051914
6706.2033648491  1.055688
6709.109634161  1.055209
6712.01590347291  1.055116
6714.92217278481  1.05954
6717.82844209672  1.057001
6720.73471140862  1.066417
6723.64098072053  1.062362
6726.54725003243  1.058679
6729.45351934434  1.047632
6732.35978865624  1.04109
6735.26605796815  1.054623
6738.17232728005  1.052354
6741.07859659195  1.044647
6743.98486590386  1.047911
6746.89113521576  1.049124
6749.79740452767  1.055129
6752.70367383958  1.041547
6755.60994315148  1.04045
6758.51621246339  1.057806
6761.42248177529  1.039485
6764.32875108719  1.052177
6767.2350203991  1.05218
6770.14128971101  1.032222
6773.04755902291  1.029785
6775.95382833482  1.0527
6778.86009764672  1.037056
6781.76636695863  1.049981
6784.67263627053  1.046847
6787.57890558244  1.023715
6790.48517489434  1.036219
6793.39144420625  1.043555
6796.29771351815  1.027797
6799.20398283005  1.027624
6802.11025214196  1.035387
6805.01652145386  1.036515
6807.92279076577  1.015277
6810.82906007767  1.023379
6813.73532938958  1.029442
6816.64159870148  1.010941
6819.54786801339  1.026755
6822.45413732529  1.016721
6825.3604066372  1.032101
6828.2666759491  1.038849
6831.17294526101  1.034531
6834.07921457291  1.015575
6836.98548388482  1.031691
6839.89175319672  1.025908
6842.79802250863  1.028667
6845.70429182053  1.014747
6848.61056113244  1.013194
6851.51683044434  0.9744177
6854.42309975625  0.9117985
6857.32936906815  0.8809613
6860.23563838006  0.8537769
6863.14190769196  0.854437
6866.04817700387  0.8582128
6868.95444631577  0.8908163
6871.86071562768  0.9037225
6874.76698493958  0.8916091
6877.67325425149  0.9121682
6880.57952356339  0.9064925
6883.4857928753  0.9146116
6886.3920621872  0.9126205
6889.29833149911  0.9207813
6892.20460081101  0.9296818
6895.11087012292  0.9322485
6898.01713943482  0.9546054
6900.92340874673  0.9621875
6903.82967805863  0.9556744
6906.73594737054  0.9662629
6909.64221668244  0.9763409
6912.54848599435  0.9632835
6915.45475530625  0.9538022
6918.36102461816  0.9635692
6921.26729393006  0.9642877
6924.17356324197  0.9605451
6927.07983255387  0.9551405
6929.98610186578  0.9424015
6932.89237117768  0.9441848
6935.79864048959  0.960323
6938.70490980149  0.9555478
6941.61117911339  0.9510257
6944.5174484253  0.9482561
6947.4237177372  0.9556535
6950.32998704911  0.9534698
6953.23625636102  0.9624313
6956.14252567292  0.9960017
6959.04879498483  0.9876937
6961.95506429673  0.9918165
6964.86133360864  0.9882898
6967.76760292054  0.9961588
6970.67387223245  0.9912514
6973.58014154435  0.9890899
6976.48641085625  0.9801468
6979.39268016816  0.9600246
6982.29894948006  0.9739518
6985.20521879197  0.9574269
6988.11148810387  0.9597359
6991.01775741578  0.9544343
6993.92402672769  0.9580941
6996.83029603959  0.9551608
6999.73656535149  0.9495584
7002.6428346634  0.9494019
7005.5491039753  0.9507069
7008.45537328721  0.9613413
7011.36164259911  0.9485368
7014.26791191102  0.9465893
7017.17418122292  0.9515495
7020.08045053483  0.9673945
7022.98671984673  0.9645758
7025.89298915864  0.9876037
7028.79925847054  0.9706576
7031.70552778245  0.9797079
7034.61179709435  0.9772094
7037.51806640626  0.9744554
7040.42433571816  0.9748499
7043.33060503007  0.9616356
7046.23687434197  0.9499007
7049.14314365388  0.9636699
7052.04941296578  0.9698398
7054.95568227769  0.9774781
7057.86195158959  0.9699919
7060.7682209015  0.9742125
7063.6744902134  0.9859226
7066.58075952531  0.9828699
7069.48702883721  0.9804714
7072.39329814912  0.9733785
7075.29956746102  0.9826463
7078.20583677293  0.9821556
7081.11210608483  0.9897356
7084.01837539674  1.000363
7086.92464470864  0.9750052
7089.83091402055  0.9791791
7092.73718333245  0.9932752
7095.64345264436  0.9960217
7098.54972195626  0.9969533
7101.45599126817  0.9905782
7104.36226058007  1.010844
7107.26852989198  1.006521
7110.17479920388  0.9943621
7113.08106851579  0.983137
7115.98733782769  0.9899837
7118.8936071396  1.008198
7121.7998764515  1.00659
7124.7061457634  0.9932187
7127.61241507531  0.9930103
7130.51868438721  0.978839
7133.42495369912  0.9681747
7136.33122301103  0.9688945
7139.23749232293  0.9714041
7142.14376163483  0.9760394
7145.05003094674  0.9766289
7147.95630025864  0.968387
7150.86256957055  0.9407869
7153.76883888245  0.9223223
7156.67510819436  0.8836442
7159.58137750626  0.8514873
7162.48764681817  0.8238042
7165.39391613007  0.822382
7168.30018544198  0.8313736
7171.20645475388  0.7908524
7174.11272406579  0.7798015
7177.01899337769  0.7674046
7179.9252626896  0.7541807
7182.8315320015  0.7719079
7185.73780131341  0.7582596
7188.64407062531  0.7670672
7191.55033993722  0.7694742
7194.45660924912  0.797372
7197.36287856103  0.8476784
7200.26914787293  0.8566337
7203.17541718484  0.8865491
7206.08168649674  0.8790466
7208.98795580865  0.9084026
7211.89422512055  0.9073172
7214.80049443246  0.8913358
7217.70676374436  0.8677177
7220.61303305627  0.8443605
7223.51930236817  0.8396026
7226.42557168008  0.8111534
7229.33184099198  0.8115548
7232.23811030389  0.8122101
7235.14437961579  0.8184122
7238.0506489277  0.8000517
7240.9569182396  0.8096845
7243.86318755151  0.824774
7246.76945686341  0.8102962
7249.67572617532  0.8087723
7252.58199548722  0.8302003
7255.48826479913  0.8246485
7258.39453411103  0.8332869
7261.30080342294  0.8178049
7264.20707273484  0.8288974
7267.11334204674  0.8155066
7270.01961135865  0.8600472
7272.92588067055  0.8551952
7275.83214998246  0.8528501
7278.73841929437  0.8337616
7281.64468860627  0.8592798
7284.55095791818  0.8688253
7287.45722723008  0.8547153
7290.36349654198  0.8406696
7293.26976585389  0.8582142
7296.1760351658  0.8434144
7299.0823044777  0.8473279
7301.9885737896  0.8648263
7304.89484310151  0.8684618
7307.80111241341  0.8561874
7310.70738172532  0.8847507
7313.61365103722  0.9030696
7316.51992034913  0.9133024
7319.42618966103  0.9195429
7322.33245897294  0.9596332
7325.23872828484  0.9448909
7328.14499759675  0.9470034
7331.05126690865  0.9561862
7333.95753622056  0.9595121
7336.86380553246  0.9852663
7339.77007484437  0.9651787
7342.67634415627  0.9502891
7345.58261346818  0.952354
7348.48888278008  0.9575062
7351.39515209199  0.9626427
7354.30142140389  0.9615882
7357.2076907158  0.9722371
7360.1139600277  0.9941038
7363.02022933961  0.9787069
7365.92649865151  0.9905584
7368.83276796342  1.005616
7371.73903727532  0.9982592
7374.64530658723  0.9783163
7377.55157589913  0.9888608
7380.45784521104  0.9895158
7383.36411452294  1.01011
7386.27038383485  1.022446
7389.17665314675  1.004099
7392.08292245866  1.007126
7394.98919177056  1.002442
7397.89546108247  1.007663
7400.80173039437  0.9895384
7403.70799970628  0.9916378
7406.61426901818  1.012719
7409.52053833009  1.009354
7412.42680764199  1.017042
7415.3330769539  0.9972469
7418.2393462658  1.014071
7421.1456155777  1.018194
7424.05188488961  1.030974
7426.95815420152  1.032339
7429.86442351342  1.014729
7432.77069282533  1.038574
7435.67696213723  1.014199
7438.58323144914  1.025208
7441.48950076104  1.025046
7444.39577007295  1.004125
7447.30203938485  1.005389
7450.20830869675  0.999258
7453.11457800866  1.014552
7456.02084732056  1.005391
7458.92711663247  1.00827
7461.83338594437  1.011235
7464.73965525628  1.027241
7467.64592456818  1.01557
7470.55219388009  1.011115
7473.45846319199  1.017663
7476.3647325039  1.015786
7479.2710018158  1.027374
7482.17727112771  1.011052
7485.08354043961  1.014783
7487.98980975152  0.9951596
7490.89607906342  1.009689
7493.80234837533  1.010149
7496.70861768723  1.024417
7499.61488699914  1.030113
7502.52115631104  1.025403
7505.42742562295  1.036005
7508.33369493485  1.045244
7511.23996424676  1.038128
7514.14623355866  1.020697
7517.05250287057  1.028388
7519.95877218247  1.023455
7522.86504149438  1.011264
7525.77131080628  1.007412
7528.67758011819  1.016561
7531.58384943009  1.026727
7534.490118742  1.019264
7537.3963880539  1.017364
7540.30265736581  1.020639
7543.20892667771  1.03547
7546.11519598962  1.037705
7549.02146530152  1.018529
7551.92773461343  0.9841726
7554.83400392533  1.016379
7557.74027323724  1.000923
7560.64654254914  1.000793
7563.55281186105  1.022402
7566.45908117295  1.035159
7569.36535048486  1.021574
7572.27161979676  0.9806066
7575.17788910867  0.9828629
7578.08415842057  0.8882756
7580.99042773248  0.782624
7583.89669704438  0.695536
7586.80296635629  0.5866046
7589.70923566819  0.5133528
7592.6155049801  0.4402798
7595.521774292  0.4172704
7598.42804360391  0.4465642
7601.33431291581  0.5060871
7604.24058222772  0.5569988
7607.14685153962  0.5829831
7610.05312085153  0.5966229
7612.95939016343  0.5906807
7615.86565947534  0.5786959
7618.77192878724  0.567048
7621.67819809914  0.5993463
7624.58446741105  0.5597979
7627.49073672296  0.5870309
7630.39700603486  0.6536516
7633.30327534676  0.706398
7636.20954465867  0.6965119
7639.11581397057  0.7643116
7642.02208328248  0.7640792
7644.92835259439  0.7649707
7647.83462190629  0.8162434
7650.74089121819  0.8419456
7653.6471605301  0.8296821
7656.553429842  0.9092526
7659.45969915391  0.9223439
7662.36596846581  0.9210328
7665.27223777772  0.9447098
7668.17850708962  0.9497249
7671.08477640153  0.9755527
7673.99104571343  0.9691777
7676.89731502534  1.003411
7679.80358433724  1.010728
7682.70985364915  0.9959151
7685.61612296105  1.0229
7688.52239227296  0.9952402
7691.42866158486  0.9809865
7694.33493089677  1.034037
7697.24120020867  1.001816
7700.14746952058  1.032345
7703.05373883248  1.005356
7705.96000814439  1.026423
7708.86627745629  1.031965
7711.7725467682  1.018543
7714.6788160801  1.013302
7717.58508539201  1.012789
7720.49135470391  1.045522
7723.39762401582  1.043662
7726.30389332772  1.038791
7729.21016263963  1.012837
7732.11643195153  1.030369
7735.02270126344  1.033928
7737.92897057534  1.025419
7740.83523988725  0.9818757
7743.74150919915  0.9916521
7746.64777851106  1.028399
7749.55404782296  1.003536
7752.46031713487  0.9899451
7755.36658644677  0.9891329
7758.27285575868  0.9868311
7761.17912507058  0.9520487
7764.08539438249  0.9379526
7766.99166369439  0.952108
7769.8979330063  0.9706606
7772.8042023182  0.991291
7775.71047163011  0.9993334
7778.61674094201  1.016346
7781.52301025392  0.9720016
7784.42927956582  0.9848618
7787.33554887773  0.9873125
7790.24181818963  0.9802586
7793.14808750154  0.9878697
7796.05435681344  1.027193
7798.96062612534  0.9962516
7801.86689543725  1.015786
7804.77316474916  1.032596
7807.67943406106  1.011389
7810.58570337297  1.007986
7813.49197268487  1.018341
7816.39824199677  1.022053
7819.30451130868  1.007442
7822.21078062058  1.040532
7825.11704993249  1.011755
7828.0233192444  1.010669
7830.9295885563  1.007108
7833.8358578682  1.023025
7836.74212718011  1.033133
7839.64839649201  0.9978029
7842.55466580392  1.004991
7845.46093511582  1.019014
7848.36720442773  1.013054
7851.27347373963  0.9902464
7854.17974305154  1.011195
7857.08601236344  1.009432
7859.99228167535  0.9920311
7862.89855098725  0.9894738
7865.80482029916  1.003905
7868.71108961106  1.005792
7871.61735892297  1.01419
7874.52362823487  0.9704479
7877.42989754678  0.9820691
7880.33616685868  0.9938651
7883.24243617059  0.9484982
7886.14870548249  0.97558
7889.0549747944  0.9842073
7891.9612441063  0.9642864
7894.86751341821  0.9936258
7897.77378273011  0.9928678
