4071.24243164063  0.9838632
4074.13877034188  0.983631
4077.03510904313  0.983415
4079.93144774438  0.9829868
4082.82778644563  0.9823356
4085.72412514688  0.9883504
4088.62046384812  0.9822037
4091.51680254937  0.9779693
4094.41314125062  1.007687
4097.30947995187  1.007772
4100.20581865312  1.020747
4103.10215735436  1.028359
4105.99849605561  1.038825
4108.89483475686  1.017875
4111.79117345811  1.026212
4114.68751215936  1.037169
4117.58385086061  1.027533
4120.48018956185  1.027718
4123.3765282631  0.97973
4126.27286696435  0.9907764
4129.1692056656  0.9839492
4132.06554436685  1.002769
4134.96188306809  1.012802
4137.85822176934  1.002803
4140.75456047059  1.008689
4143.65089917184  0.9857296
4146.54723787309  1.012472
4149.44357657434  1.027626
4152.33991527558  0.9935579
4155.23625397683  0.9788615
4158.13259267808  0.9933564
4161.02893137933  0.9972109
4163.92527008058  0.985069
4166.82160878182  0.9869205
4169.71794748307  0.996991
4172.61428618432  0.9984108
4175.51062488557  0.9996383
4178.40696358682  0.9863508
4181.30330228806  0.9978928
4184.19964098931  0.9606715
4187.09597969056  0.9915283
4189.99231839181  0.9842691
4192.88865709306  0.978278
4195.78499579431  0.9651976
4198.68133449555  0.9970156
4201.5776731968  0.9884635
4204.47401189805  0.9990396
4207.3703505993  0.9898021
4210.26668930055  0.9742863
4213.16302800179  0.9880664
4216.05936670304  1.012838
4218.95570540429  0.9923963
4221.85204410554  0.9968262
4224.74838280679  1.002728
4227.64472150804  0.9967129
4230.54106020928  1.00002
4233.43739891053  0.9935742
4236.33373761178  0.9898439
4239.23007631303  1.00118
4242.12641501428  0.9931955
4245.02275371552  0.9905573
4247.91909241677  1.017605
4250.81543111802  1.014394
4253.71176981927  0.9826182
4256.60810852052  0.9939777
4259.50444722177  0.9887068
4262.40078592301  0.9877961
4265.29712462426  0.9902558
4268.19346332551  0.9751268
4271.08980202676  0.9778837
4273.98614072801  0.9914519
4276.88247942925  0.9920877
4279.7788181305  0.996044
4282.67515683175  0.9765388
4285.571495533  0.9954215
4288.46783423425  0.9852259
4291.3641729355  0.9781995
4294.26051163674  0.9960271
4297.15685033799  0.9964375
4300.05318903924  0.9990848
4302.94952774049  0.9748982
4305.84586644174  0.9891769
4308.74220514298  0.9754607
4311.63854384423  0.9837385
4314.53488254548  1.022465
4317.43122124673  1.006772
4320.32755994798  1.01789
4323.22389864923  1.101174
4326.12023735047  1.112639
4329.01657605172  1.100344
4331.91291475297  1.104834
4334.80925345422  1.099917
4337.70559215547  1.10511
4340.60193085671  1.133422
4343.49826955796  1.150128
4346.39460825921  1.150795
4349.29094696046  1.143467
4352.18728566171  1.169776
4355.08362436296  1.108751
4357.9799630642  1.045328
4360.87630176545  1.052291
4363.7726404667  1.050218
4366.66897916795  1.037507
4369.5653178692  1.024358
4372.46165657044  1.02326
4375.35799527169  0.9942369
4378.25433397294  0.9992031
4381.15067267419  0.990191
4384.04701137544  0.9971077
4386.94335007668  0.9773088
4389.83968877793  0.9956617
4392.73602747918  0.9963492
4395.63236618043  0.9863316
4398.52870488168  0.9960208
4401.42504358293  1.000048
4404.32138228417  0.9974133
4407.21772098542  0.9929654
4410.11405968667  0.9984712
4413.01039838792  0.9979777
4415.90673708917  1.004673
4418.80307579041  1.001315
4421.69941449166  1.013912
4424.59575319291  0.9934161
4427.49209189416  0.9676027
4430.38843059541  0.9768428
4433.28476929666  0.9873591
4436.1811079979  0.988903
4439.07744669915  1.003483
4441.9737854004  1.005298
4444.87012410165  1.009475
4447.7664628029  1.009223
4450.66280150414  0.996978
4453.55914020539  1.028829
4456.45547890664  1.053778
4459.35181760789  1.050939
4462.24815630914  1.045648
4465.14449501039  1.049246
4468.04083371163  1.037195
4470.93717241288  1.043311
4473.83351111413  1.044957
4476.72984981538  1.037969
4479.62618851663  1.04848
4482.52252721787  1.043283
4485.41886591912  1.027226
4488.31520462037  1.011004
4491.21154332162  0.9890178
4494.10788202287  0.9850591
4497.00422072412  0.9888911
4499.90055942536  0.9853762
4502.79689812661  0.9794065
4505.69323682786  0.9705069
4508.58957552911  0.9736628
4511.48591423036  0.9722334
4514.3822529316  0.9818832
4517.27859163285  0.9726118
4520.1749303341  0.9843043
4523.07126903535  0.9838854
4525.9676077366  0.9692922
4528.86394643785  0.9698029
4531.76028513909  0.9665904
4534.65662384034  0.9555924
4537.55296254159  0.9582009
4540.44930124284  0.9601277
4543.34563994409  0.9539451
4546.24197864533  0.9578205
4549.13831734658  0.9507543
4552.03465604783  0.9411506
4554.93099474908  0.9529712
4557.82733345033  0.9467556
4560.72367215158  0.9521974
4563.62001085282  0.9541092
4566.51634955407  0.9428413
4569.41268825532  0.9531844
4572.30902695657  0.9517115
4575.20536565782  0.9484886
4578.10170435907  0.9407633
4580.99804306031  0.949034
4583.89438176156  0.9467656
4586.79072046281  0.9617763
4589.68705916406  0.9565042
4592.58339786531  0.9582328
4595.47973656655  0.9578082
4598.3760752678  0.9674406
4601.27241396905  0.9575349
4604.1687526703  0.9647926
4607.06509137155  0.9534147
4609.9614300728  0.9731066
4612.85776877404  0.9610036
4615.75410747529  0.9654748
4618.65044617654  0.9634805
4621.54678487779  0.9699967
4624.44312357904  0.9688803
4627.33946228028  0.9518704
4630.23580098153  0.9538229
4633.13213968278  0.9595634
4636.02847838403  0.9425543
4638.92481708528  0.9390278
4641.82115578653  0.9511548
4644.71749448777  0.936137
4647.61383318902  0.9477448
4650.51017189027  0.9392511
4653.40651059152  0.9536006
4656.30284929277  0.9466692
4659.19918799401  0.9527082
4662.09552669526  0.9508343
4664.99186539651  0.9524534
4667.88820409776  0.9498541
4670.78454279901  0.9479142
4673.68088150026  0.938924
4676.5772202015  0.943921
4679.47355890275  0.945587
4682.369897604  0.9508829
4685.26623630525  0.9403989
4688.1625750065  0.9487455
4691.05891370774  0.9444321
4693.95525240899  0.9487755
4696.85159111024  0.9598791
4699.74792981149  0.9674509
4702.64426851274  0.9622966
4705.54060721399  0.9653403
4708.43694591523  0.9599335
4711.33328461648  0.9654046
4714.22962331773  0.9646038
4717.12596201898  0.9567085
4720.02230072023  0.9552795
4722.91863942147  0.9562613
4725.81497812272  0.9393108
4728.71131682397  0.9329849
4731.60765552522  0.9222164
4734.50399422647  0.922444
4737.40033292772  0.9220685
4740.29667162896  0.9259766
4743.19301033021  0.9174374
4746.08934903146  0.9070358
4748.98568773271  0.9119155
4751.88202643396  0.9081732
4754.7783651352  0.9160143
4757.67470383645  0.9214111
4760.5710425377  0.9141857
4763.46738123895  0.9122806
4766.3637199402  0.9161767
4769.26005864144  0.914272
4772.15639734269  0.9103361
4775.05273604394  0.9224665
4777.94907474519  0.9198811
4780.84541344644  0.9243588
4783.74175214769  0.925759
4786.63809084893  0.9411373
4789.53442955018  0.9323296
4792.43076825143  0.9298547
4795.32710695268  0.9317302
4798.22344565393  0.9380606
4801.11978435517  0.9403496
4804.01612305642  0.9293887
4806.91246175767  0.9404779
4809.80880045892  0.9485317
4812.70513916017  0.9387578
4815.60147786142  0.9380484
4818.49781656266  0.9404176
4821.39415526391  0.943969
4824.29049396516  0.9438666
4827.18683266641  0.9451499
4830.08317136766  0.9347036
4832.9795100689  0.9498903
4835.87584877015  0.961752
4838.7721874714  0.9841822
4841.66852617265  1.040503
4844.5648648739  1.200422
4847.46120357515  1.39913
4850.35754227639  1.3936
4853.25388097764  1.359754
4856.15021967889  1.340341
4859.04655838014  1.368446
4861.94289708139  1.44669
4864.83923578263  1.4095
4867.73557448388  1.395215
4870.63191318513  1.33026
4873.52825188638  1.095037
4876.42459058763  1.012748
4879.32092928888  0.9814072
4882.21726799012  0.9623886
4885.11360669137  0.9499241
4888.00994539262  0.9482406
4890.90628409387  0.9449517
4893.80262279512  0.9519783
4896.69896149636  0.9519593
4899.59530019761  0.9440606
4902.49163889886  0.9430996
4905.38797760011  0.931083
4908.28431630136  0.9498631
4911.18065500261  0.9552541
4914.07699370385  0.9544324
4916.9733324051  0.9453459
4919.86967110635  0.936637
4922.7660098076  0.9571534
4925.66234850885  0.9520577
4928.55868721009  0.9625729
4931.45502591134  0.9704743
4934.35136461259  0.9664553
4937.24770331384  0.9586621
4940.14404201509  0.9557345
4943.04038071634  0.9545321
4945.93671941758  0.9529904
4948.83305811883  0.948728
4951.72939682008  0.9523264
4954.62573552133  0.9603714
4957.52207422258  0.9508364
4960.41841292382  0.9549047
4963.31475162507  0.954612
4966.21109032632  0.9538604
4969.10742902757  0.9609647
4972.00376772882  0.9682895
4974.90010643006  0.9832407
4977.79644513131  0.9987847
4980.69278383256  0.9982281
4983.58912253381  0.9916991
4986.48546123506  1.012095
4989.38179993631  1.017085
4992.27813863755  1.028452
4995.1744773388  1.02207
4998.07081604005  1.047831
5000.9671547413  1.097102
5003.86349344255  1.116012
5006.75983214379  1.097583
5009.65617084504  1.091626
5012.55250954629  1.097074
5015.44884824754  1.105428
5018.34518694879  1.099477
5021.24152565004  1.088072
5024.13786435128  1.091495
5027.03420305253  1.043653
5029.93054175378  1.028329
5032.82688045503  1.012483
5035.72321915628  1.005668
5038.61955785752  1.017082
5041.51589655877  1.023403
5044.41223526002  1.007256
5047.30857396127  0.9959386
5050.20491266252  1.004276
5053.10125136377  0.996538
5055.99759006501  1.011699
5058.89392876626  1.016429
5061.79026746751  1.009468
5064.68660616876  1.002742
5067.58294487001  0.9965777
5070.47928357125  0.9906379
5073.3756222725  1.004856
5076.27196097375  1.0107
5079.168299675  1.024708
5082.06463837625  1.003118
5084.9609770775  0.9922705
5087.85731577874  0.992511
5090.75365447999  0.9947475
5093.64999318124  0.9966201
5096.54633188249  0.9903116
5099.44267058374  0.9943361
5102.33900928498  0.9970536
5105.23534798623  0.987332
5108.13168668748  0.9846462
5111.02802538873  0.9928532
5113.92436408998  1.008407
5116.82070279123  1.010233
5119.71704149248  1.011583
5122.61338019372  1.003462
5125.50971889497  1.002957
5128.40605759622  1.011832
5131.30239629747  1.015252
5134.19873499872  1.005882
5137.09507369996  1.01685
5139.99141240121  1.014608
5142.88775110246  1.021157
5145.78408980371  1.035095
5148.68042850496  1.027004
5151.57676720621  1.019494
5154.47310590745  1.029488
5157.3694446087  1.036722
5160.26578330995  1.032784
5163.1621220112  1.047334
5166.05846071245  1.044108
5168.95479941369  1.03328
5171.85113811494  1.011166
5174.74747681619  1.015019
5177.64381551744  1.007608
5180.54015421869  1.004502
5183.43649291993  1.019887
5186.33283162118  1.011031
5189.22917032243  1.009598
5192.12550902368  1.014374
5195.02184772493  1.010832
5197.91818642618  1.014062
5200.81452512742  1.008833
5203.71086382867  1.018517
5206.60720252992  1.024451
5209.50354123117  1.024144
5212.39987993242  1.022783
5215.29621863366  1.014372
5218.19255733491  1.024098
5221.08889603616  1.028199
5223.98523473741  1.023428
5226.88157343866  1.028903
5229.77791213991  1.030801
5232.67425084115  1.033131
5235.5705895424  1.029801
5238.46692824365  1.025907
5241.3632669449  1.02731
5244.25960564615  1.034117
5247.15594434739  1.038841
5250.05228304864  1.041968
5252.94862174989  1.040563
5255.84496045114  1.045632
5258.74129915239  1.056704
5261.63763785364  1.05862
5264.53397655488  1.059141
5267.43031525613  1.062981
5270.32665395738  1.059918
5273.22299265863  1.054005
5276.11933135988  1.055091
5279.01567006112  1.047842
5281.91200876237  1.048795
5284.80834746362  1.048516
5287.70468616487  1.044538
5290.60102486612  1.043961
5293.49736356737  1.044959
5296.39370226861  1.050636
5299.29004096986  1.050411
5302.18637967111  1.038477
5305.08271837236  1.045102
5307.97905707361  1.047829
5310.87539577485  1.028324
5313.7717344761  1.029923
5316.66807317735  1.037171
5319.5644118786  1.043336
5322.46075057985  1.043205
5325.3570892811  1.043854
5328.25342798234  1.040975
5331.14976668359  1.044456
5334.04610538484  1.040366
5336.94244408609  1.038771
5339.83878278734  1.050412
5342.73512148858  1.037364
5345.63146018983  1.047648
5348.52779889108  1.046629
5351.42413759233  1.036625
5354.32047629358  1.038726
5357.21681499483  1.042971
5360.11315369607  1.041638
5363.00949239732  1.044438
5365.90583109857  1.043465
5368.80216979982  1.039853
5371.69850850107  1.044598
5374.59484720231  1.037772
5377.49118590356  1.036912
5380.38752460481  1.044455
5383.28386330606  1.04157
5386.18020200731  1.028836
5389.07654070855  1.029309
5391.9728794098  1.020532
5394.86921811105  1.02814
5397.7655568123  1.021841
5400.66189551355  1.022303
5403.5582342148  1.023463
5406.45457291604  1.024308
5409.35091161729  1.030967
5412.24725031854  1.021369
5415.14358901979  1.025458
5418.03992772104  1.022093
5420.93626642228  1.022973
5423.83260512353  1.031976
5426.72894382478  1.023199
5429.62528252603  1.021881
5432.52162122728  1.025779
5435.41795992853  1.016827
5438.31429862977  1.023924
5441.21063733102  1.029937
5444.10697603227  1.030007
5447.00331473352  1.039431
5449.89965343477  1.039027
5452.79599213601  1.034707
5455.69233083726  1.031988
5458.58866953851  1.039582
5461.48500823976  1.048953
5464.38134694101  1.041509
5467.27768564226  1.048187
5470.1740243435  1.048787
5473.07036304475  1.034219
5475.966701746  1.029354
5478.86304044725  1.037141
5481.7593791485  1.035137
5484.65571784974  1.026881
5487.55205655099  1.030321
5490.44839525224  1.017901
5493.34473395349  1.026049
5496.24107265474  1.024184
5499.13741135599  1.019929
5502.03375005723  1.021685
5504.93008875848  1.02109
5507.82642745973  1.019525
5510.72276616098  1.022078
5513.61910486223  1.022234
5516.51544356347  1.022391
5519.41178226472  1.021682
5522.30812096597  1.019476
5525.20445966722  1.016711
5528.10079836847  1.020695
5530.99713706972  1.014736
5533.89347577096  1.01857
5536.78981447221  1.007355
5539.68615317346  1.007186
5542.58249187471  1.005212
5545.47883057596  1.014435
5548.3751692772  1.015219
5551.27150797845  1.011331
5554.1678466797  1.014543
5557.06418538095  1.013551
5559.9605240822  1.012652
5562.85686278345  1.013602
5565.75320148469  1.015048
5568.64954018594  1.008041
5571.54587888719  1.01059
5574.44221758844  1.013831
5577.33855628969  1.019323
5580.23489499093  1.009318
5583.13123369218  1.012441
5586.02757239343  1.008159
5588.92391109468  1.004924
5591.82024979593  1.001785
5594.71658849717  1.00036
5597.61292719842  1.002249
5600.50926589967  1.001897
5603.40560460092  0.9989384
5606.30194330217  1.004382
5609.19828200342  0.9985727
5612.09462070466  0.9993515
5614.99095940591  0.9991941
5617.88729810716  1.001455
5620.78363680841  1.00156
5623.67997550966  1.006944
5626.5763142109  1.010572
5629.47265291215  1.008887
5632.3689916134  1.003068
5635.26533031465  1.004667
5638.1616690159  1.008218
5641.05800771715  1.009892
5643.95434641839  1.005497
5646.85068511964  1.002552
5649.74702382089  1.001856
5652.64336252214  0.9991441
5655.53970122339  1.002238
5658.43603992463  0.9938968
5661.33237862588  0.9810418
5664.22871732713  0.9834484
5667.12505602838  0.9833955
5670.02139472963  0.9800852
5672.91773343088  0.9859159
5675.81407213212  0.9821093
5678.71041083337  0.9804417
5681.60674953462  0.9822199
5684.50308823587  0.9930982
5687.39942693712  1.005428
5690.29576563836  1.002764
5693.19210433961  0.9929614
5696.08844304086  0.996913
5698.98478174211  0.9930713
5701.88112044336  0.9874584
5704.77745914461  0.9885651
5707.67379784585  0.980383
5710.5701365471  0.9820594
5713.46647524835  0.9767668
5716.3628139496  0.9783362
5719.25915265085  0.9816574
5722.15549135209  0.974634
5725.05183005334  0.9671261
5727.94816875459  0.9732414
5730.84450745584  0.9744043
5733.74084615709  0.9723361
5736.63718485834  0.9755903
5739.53352355958  0.9813688
5742.42986226083  0.9755823
5745.32620096208  0.9799341
5748.22253966333  0.9780533
5751.11887836458  0.9841663
5754.01521706582  0.9864769
5756.91155576707  0.9800202
5759.80789446832  0.97802
5762.70423316957  0.9664876
5765.60057187082  0.9512812
5768.49691057207  0.943984
5771.39324927331  0.9450712
5774.28958797456  0.9416021
5777.18592667581  0.9433715
5780.08226537706  0.9445155
5782.97860407831  0.9383093
5785.87494277955  0.9350367
5788.7712814808  0.9406223
5791.66762018205  0.9447634
5794.5639588833  0.9469619
5797.46029758455  0.9488423
5800.35663628579  0.9510683
5803.25297498704  0.9524485
5806.14931368829  0.954308
5809.04565238954  0.9494581
5811.94199109079  0.9610593
5814.83832979204  0.9602529
5817.73466849328  0.9686778
5820.63100719453  0.9662437
5823.52734589578  0.9733614
5826.42368459703  0.9711553
5829.32002329828  0.9709736
5832.21636199952  0.9744474
5835.11270070077  0.9763373
5838.00903940202  0.9920009
5840.90537810327  0.9855707
5843.80171680452  0.9868106
5846.69805550577  1.001011
5849.59439420701  1.014982
5852.49073290826  1.027235
5855.38707160951  1.050452
5858.28341031076  1.145189
5861.17974901201  1.269535
5864.07608771325  1.255871
5866.9724264145  1.222316
5869.86876511575  1.193659
5872.765103817  1.178974
5875.66144251825  1.230731
5878.5577812195  1.223766
5881.45411992074  1.18639
5884.35045862199  1.132514
5887.24679732324  1.019209
5890.14313602449  0.9653768
5893.03947472574  0.9384418
5895.93581342698  0.9360727
5898.83215212823  0.9328878
5901.72849082948  0.9406137
5904.62482953073  0.9467435
5907.52116823198  0.9513397
5910.41750693323  0.9490883
5913.31384563447  0.9566651
5916.21018433572  0.9587145
5919.10652303697  0.9568023
5922.00286173822  0.9578941
5924.89920043947  0.953828
5927.79553914071  0.9548255
5930.69187784196  0.9524845
5933.58821654321  0.9554891
5936.48455524446  0.9637533
5939.38089394571  0.9733859
5942.27723264696  0.971176
5945.1735713482  0.963594
5948.06991004945  0.9625385
5950.9662487507  0.9542022
5953.86258745195  0.9632818
5956.7589261532  0.9700055
5959.65526485444  0.9869834
5962.55160355569  0.9919454
5965.44794225694  0.9867626
5968.34428095819  0.9690283
5971.24061965944  0.9609038
5974.13695836069  0.9549011
5977.03329706193  0.9570484
5979.92963576318  0.9646887
5982.82597446443  0.9690169
5985.72231316568  0.9676858
5988.61865186693  0.946461
5991.51499056817  0.9350917
5994.41132926942  0.9239905
5997.30766797067  0.9244491
6000.20400667192  0.9296037
6003.10034537317  0.9218172
6005.99668407441  0.9253839
6008.89302277566  0.9295569
6011.78936147691  0.9245006
6014.68570017816  0.9326832
6017.58203887941  0.9315397
6020.47837758066  0.9359543
6023.3747162819  0.9311462
6026.27105498315  0.9308552
6029.1673936844  0.9397103
6032.06373238565  0.9394367
6034.9600710869  0.9415585
6037.85640978814  0.9414818
6040.75274848939  0.9386476
6043.64908719064  0.9302128
6046.54542589189  0.9268276
6049.44176459314  0.9243206
6052.33810329439  0.9227282
6055.23444199563  0.9191936
6058.13078069688  0.918598
6061.02711939813  0.9187471
6063.92345809938  0.9169388
6066.81979680063  0.9154563
6069.71613550187  0.9135951
6072.61247420312  0.9131424
6075.50881290437  0.9158644
6078.40515160562  0.908453
6081.30149030687  0.9069333
6084.19782900812  0.9135154
6087.09416770936  0.9132984
6089.99050641061  0.9147687
6092.88684511186  0.9181453
6095.78318381311  0.920211
6098.67952251436  0.9197981
6101.5758612156  0.9127632
6104.47219991685  0.9156102
6107.3685386181  0.9217687
6110.26487731935  0.9222433
6113.1612160206  0.923561
6116.05755472185  0.9202259
6118.95389342309  0.9197511
6121.85023212434  0.9230033
6124.74657082559  0.9207073
6127.64290952684  0.9158026
6130.53924822809  0.911067
6133.43558692933  0.9131403
6136.33192563058  0.9118938
6139.22826433183  0.9198298
6142.12460303308  0.9228023
6145.02094173433  0.9178441
6147.91728043558  0.9179389
6150.81361913682  0.9237904
6153.70995783807  0.923905
6156.60629653932  0.9268932
6159.50263524057  0.9268195
6162.39897394182  0.9214581
6165.29531264306  0.9186368
6168.19165134431  0.9171036
6171.08799004556  0.9237435
6173.98432874681  0.9159234
6176.88066744806  0.9134376
6179.77700614931  0.9047997
6182.67334485055  0.9018554
6185.5696835518  0.8964172
6188.46602225305  0.8872765
6191.3623609543  0.8967075
6194.25869965555  0.8908116
6197.15503835679  0.8856663
6200.05137705804  0.8853179
6202.94771575929  0.8873609
6205.84405446054  0.885662
6208.74039316179  0.893571
6211.63673186304  0.8928288
6214.53307056428  0.8978332
6217.42940926553  0.8947046
6220.32574796678  0.8887055
6223.22208666803  0.8902796
6226.11842536928  0.8948633
6229.01476407052  0.9015142
6231.91110277177  0.9043412
6234.80744147302  0.9005479
6237.70378017427  0.8972942
6240.60011887552  0.9004237
6243.49645757677  0.8967949
6246.39279627801  0.8937927
6249.28913497926  0.8882852
6252.18547368051  0.8930824
6255.08181238176  0.8847972
6257.97815108301  0.8786867
6260.87448978425  0.867885
6263.7708284855  0.8600273
6266.66716718675  0.8554887
6269.563505888  0.8502067
6272.45984458925  0.8467276
6275.3561832905  0.8490676
6278.25252199174  0.8408753
6281.14886069299  0.8394457
6284.04519939424  0.8381481
6286.94153809549  0.8409312
6289.83787679674  0.8511521
6292.73421549798  0.8580293
6295.63055419923  0.8621352
6298.52689290048  0.8708282
6301.42323160173  0.8719165
6304.31957030298  0.8785434
6307.21590900423  0.8807708
6310.11224770547  0.887781
6313.00858640672  0.8876806
6315.90492510797  0.8879822
6318.80126380922  0.8957104
6321.69760251047  0.8976645
6324.59394121171  0.902684
6327.49027991296  0.9212937
6330.38661861421  0.9497868
6333.28295731546  0.9488869
6336.17929601671  0.9479692
6339.07563471796  0.948031
6341.9719734192  0.9501851
6344.86831212045  0.9592758
6347.7646508217  0.9640713
6350.66098952295  0.9598609
6353.5573282242  0.9616072
6356.45366692544  0.9537729
6359.35000562669  0.9364218
6362.24634432794  0.9240221
6365.14268302919  0.9332591
6368.03902173044  0.9280857
6370.93536043169  0.9334866
6373.83169913293  0.9281799
6376.72803783418  0.9145592
6379.62437653543  0.920192
6382.52071523668  0.9117818
6385.41705393793  0.9031904
6388.31339263917  0.9065856
6391.20973134042  0.9044809
6394.10607004167  0.906982
6397.00240874292  0.9081709
6399.89874744417  0.9057353
6402.79508614541  0.9033703
6405.69142484666  0.9040599
6408.58776354791  0.8966644
6411.48410224916  0.8960165
6414.38044095041  0.8930902
6417.27677965166  0.8963731
6420.1731183529  0.9038039
6423.06945705415  0.9030205
6425.9657957554  0.8978516
6428.86213445665  0.8952644
6431.7584731579  0.9019792
6434.65481185915  0.9025449
6437.55115056039  0.9054641
6440.44748926164  0.8969275
6443.34382796289  0.9004967
6446.24016666414  0.903419
6449.13650536539  0.8929806
6452.03284406663  0.8922216
6454.92918276788  0.8957571
6457.82552146913  0.8873134
6460.72186017038  0.8839526
6463.61819887163  0.8776624
6466.51453757288  0.8727133
6469.41087627412  0.8797491
6472.30721497537  0.8815625
6475.20355367662  0.874525
6478.09989237787  0.8745628
6480.99623107912  0.8815731
6483.89256978036  0.8857839
6486.78890848161  0.8864679
6489.68524718286  0.9000204
6492.58158588411  0.9044024
6495.47792458536  0.9034458
6498.37426328661  0.9016349
6501.27060198785  0.9105235
6504.1669406891  0.9090436
6507.06327939035  0.9207329
6509.9596180916  0.9206175
6512.85595679285  0.9225271
6515.75229549409  0.9287181
6518.64863419534  0.9377322
6521.54497289659  0.9509898
6524.44131159784  0.9578564
6527.33765029909  0.9840824
6530.23398900034  1.008934
6533.13032770158  1.05266
6536.02666640283  1.104431
6538.92300510408  1.238487
6541.81934380533  1.625111
6544.71568250658  2.477517
6547.61202120782  3.200548
6550.50835990907  3.183248
6553.40469861032  2.981775
6556.30103731157  2.94312
6559.19737601282  3.051739
6562.09371471407  3.304201
6564.99005341531  3.364538
6567.88639211656  3.182128
6570.78273081781  2.819522
6573.67906951906  2.232979
6576.57540822031  1.542723
6579.47174692155  1.244529
6582.3680856228  1.141648
6585.26442432405  1.090881
6588.1607630253  1.051792
6591.05710172655  1.02809
6593.95344042779  1.012106
6596.84977912904  0.9949809
6599.74611783029  0.9819004
6602.64245653154  0.9728907
6605.53879523279  0.9629669
6608.43513393404  0.9611217
6611.33147263528  0.9627209
6614.22781133653  0.9519418
6617.12415003778  0.958948
6620.02048873903  0.9494833
6622.91682744028  0.9502406
6625.81316614152  0.9470033
6628.70950484277  0.9460738
6631.60584354402  0.9435531
6634.50218224527  0.9441457
6637.39852094652  0.953676
6640.29485964777  0.9418089
6643.19119834901  0.9378797
6646.08753705026  0.9498358
6648.98387575151  0.9535489
6651.88021445276  0.9615937
6654.77655315401  0.9634322
6657.67289185525  0.9761086
6660.5692305565  1.035125
6663.46556925775  1.068062
6666.361907959  1.072374
6669.25824666025  1.060269
6672.1545853615  1.057407
6675.05092406274  1.0646
6677.94726276399  1.087065
6680.84360146524  1.096762
6683.73994016649  1.077463
6686.63627886774  1.053185
6689.53261756898  1.01297
6692.42895627023  0.9789017
6695.32529497148  0.9655083
6698.22163367273  0.9617557
6701.11797237398  0.95289
6704.01431107523  0.947441
6706.91064977647  0.9446764
6709.80698847772  0.948753
6712.70332717897  0.9404373
6715.59966588022  0.9493141
6718.49600458147  0.944459
6721.39234328271  0.9359068
6724.28868198396  0.9374418
6727.18502068521  0.9292994
6730.08135938646  0.9303664
6732.97769808771  0.9262493
6735.87403678896  0.9293008
6738.7703754902  0.932273
6741.66671419145  0.930833
6744.5630528927  0.9303039
6747.45939159395  0.9282932
6750.3557302952  0.9258295
6753.25206899644  0.9343922
6756.14840769769  0.9314281
6759.04474639894  0.9293742
6761.94108510019  0.931197
6764.83742380144  0.9300455
6767.73376250269  0.92976
6770.63010120393  0.9290527
6773.52643990518  0.9376478
6776.42277860643  0.9342305
6779.31911730768  0.9427234
6782.21545600893  0.9321715
6785.11179471017  0.9384412
6788.00813341142  0.9421437
6790.90447211267  0.9420823
6793.80081081392  0.9405703
6796.69714951517  0.9509251
6799.59348821641  0.9453892
6802.48982691766  0.9455844
6805.38616561891  0.9502551
6808.28250432016  0.9517711
6811.17884302141  0.9588845
6814.07518172266  0.9578925
6816.9715204239  0.9555689
6819.86785912515  0.9570586
6822.7641978264  0.9595319
6825.66053652765  0.955403
6828.5568752289  0.958622
6831.45321393014  0.9574298
6834.34955263139  0.9560065
6837.24589133264  0.9578267
6840.14223003389  0.9507163
6843.03856873514  0.9533979
6845.93490743639  0.9327477
6848.83124613763  0.9233917
6851.72758483888  0.8923967
6854.62392354013  0.8626394
6857.52026224138  0.8468161
6860.41660094263  0.8412743
6863.31293964387  0.8380357
6866.20927834512  0.8257978
6869.10561704637  0.8005543
6872.00195574762  0.7789388
6874.89829444887  0.7701788
6877.79463315012  0.7761099
6880.69097185136  0.7903466
6883.58731055261  0.8096591
6886.48364925386  0.8254927
6889.37998795511  0.8309627
6892.27632665636  0.8415052
6895.1726653576  0.8359182
6898.06900405885  0.8467087
6900.9653427601  0.8543147
6903.86168146135  0.8613701
6906.7580201626  0.8709629
6909.65435886385  0.8667017
6912.55069756509  0.8718268
6915.44703626634  0.8752535
6918.34337496759  0.8808177
6921.23971366884  0.8752413
6924.13605237009  0.871009
6927.03239107133  0.881991
6929.92872977258  0.8723379
6932.82506847383  0.8743492
6935.72140717508  0.8781031
6938.61774587633  0.8649955
6941.51408457758  0.8660291
6944.41042327882  0.8724283
6947.30676198007  0.8822193
6950.20310068132  0.8856637
6953.09943938257  0.900704
6955.99577808382  0.9060512
6958.89211678506  0.9174154
6961.78845548631  0.9487424
6964.68479418756  0.952728
6967.58113288881  0.9552611
6970.47747159006  0.931991
6973.37381029131  0.9271527
6976.27014899255  0.9198704
6979.1664876938  0.9218944
6982.06282639505  0.9291514
6984.9591650963  0.9242443
6987.85550379755  0.9114977
6990.75184249879  0.9115539
6993.64818120004  0.9091171
6996.54451990129  0.9187832
6999.44085860254  0.9131832
7002.33719730379  0.9213738
7005.23353600503  0.9227132
7008.12987470628  0.9203284
7011.02621340753  0.925537
7013.92255210878  0.9222214
7016.81889081003  0.9383587
7019.71522951128  0.9413108
7022.61156821252  0.9465684
7025.50790691377  0.9570574
7028.40424561502  0.9717741
7031.30058431627  0.9804468
7034.19692301752  0.9873568
7037.09326171876  0.9931923
7039.98960042001  1.009771
7042.88593912126  1.040442
7045.78227782251  1.105569
7048.67861652376  1.192134
7051.57495522501  1.214424
7054.47129392625  1.196501
7057.3676326275  1.185983
7060.26397132875  1.192986
7063.16031003  1.238744
7066.05664873125  1.289179
7068.95298743249  1.274669
7071.84932613374  1.225452
7074.74566483499  1.165995
7077.64200353624  1.093434
7080.53834223749  1.045278
7083.43468093874  1.020866
7086.33101963998  1.006425
7089.22735834123  1.008758
7092.12369704248  1.002138
7095.02003574373  1.006492
7097.91637444498  1.004177
7100.81271314622  0.9992139
7103.70905184747  0.997722
7106.60539054872  0.9980769
7109.50172924997  0.9997162
7112.39806795122  0.9980527
7115.29440665247  0.9935847
7118.19074535371  0.9961093
7121.08708405496  0.9980551
7123.98342275621  0.9965572
7126.87976145746  0.9925999
7129.77610015871  0.988668
7132.67243885995  0.9950987
7135.5687775612  0.9967633
7138.46511626245  1.002017
7141.3614549637  0.9987937
7144.25779366495  0.9914434
7147.1541323662  0.9851852
7150.05047106744  0.9605155
7152.94680976869  0.9337637
7155.84314846994  0.9184145
7158.73948717119  0.9016267
7161.63582587244  0.8847588
7164.53216457369  0.8671747
7167.42850327493  0.8320622
7170.32484197618  0.8022726
7173.22118067743  0.7869188
7176.11751937868  0.7685983
7179.01385807993  0.7558642
7181.91019678118  0.7520287
7184.80653548242  0.754089
7187.70287418367  0.7547001
7190.59921288492  0.765824
7193.49555158617  0.7836542
7196.39189028742  0.8052384
7199.28822898866  0.8281835
7202.18456768991  0.8438103
7205.08090639116  0.8556182
7207.97724509241  0.8812811
7210.87358379366  0.8985949
7213.7699224949  0.9143945
7216.66626119615  0.9227071
7219.5625998974  0.9257082
7222.45893859865  0.9198965
7225.3552772999  0.9162821
7228.25161600115  0.904392
7231.14795470239  0.9040834
7234.04429340364  0.8888586
7236.94063210489  0.8867972
7239.83697080614  0.8841292
7242.73330950739  0.8724825
7245.62964820863  0.8722926
7248.52598690988  0.8771502
7251.42232561113  0.8739437
7254.31866431238  0.8805488
7257.21500301363  0.8677734
7260.11134171488  0.8791355
7263.00768041612  0.9192967
7265.90401911737  0.9554432
7268.80035781862  0.9726012
7271.69669651987  0.9592851
7274.59303522112  0.9473611
7277.48937392236  0.9423729
7280.38571262361  0.9565885
7283.28205132486  0.9624065
7286.17839002611  0.9688102
7289.07472872736  0.9599044
7291.97106742861  0.9504502
7294.86740612985  0.9253999
7297.7637448311  0.9161662
7300.66008353235  0.9219576
7303.5564222336  0.932207
7306.45276093485  0.9371328
7309.34909963609  0.9480712
7312.24543833734  0.957382
7315.14177703859  0.9559311
7318.03811573984  0.9704268
7320.93445444109  0.9732317
7323.83079314234  1.002388
7326.72713184358  1.012769
7329.62347054483  1.007659
7332.51980924608  1.015026
7335.41614794733  1.017852
7338.31248664858  1.020291
7341.20882534982  1.02873
7344.10516405107  1.025772
7347.00150275232  1.030399
7349.89784145357  1.030563
7352.79418015482  1.039076
7355.69051885607  1.053245
7358.58685755731  1.063554
7361.48319625856  1.076807
7364.37953495981  1.07746
7367.27587366106  1.089216
7370.17221236231  1.095564
7373.06855106355  1.1072
7375.9648897648  1.116562
7378.86122846605  1.16238
7381.7575671673  1.193861
7384.65390586855  1.191255
7387.5502445698  1.156739
7390.44658327104  1.119344
7393.34292197229  1.119068
7396.23926067354  1.118523
7399.13559937479  1.097506
7402.03193807604  1.117327
7404.92827677728  1.115945
7407.82461547853  1.118025
7410.72095417978  1.126274
7413.61729288103  1.129574
7416.51363158228  1.118775
7419.40997028352  1.115769
7422.30630898477  1.122723
7425.20264768602  1.123281
7428.09898638727  1.122562
7430.99532508852  1.120288
7433.89166378977  1.138161
7436.78800249101  1.133139
7439.68434119226  1.138277
7442.58067989351  1.147794
7445.47701859476  1.149238
7448.37335729601  1.16563
7451.26969599725  1.160084
7454.1660346985  1.150231
7457.06237339975  1.155959
7459.958712101  1.165341
7462.85505080225  1.171489
7465.7513895035  1.168575
7468.64772820474  1.166984
7471.54406690599  1.165651
7474.44040560724  1.162321
7477.33674430849  1.15842
7480.23308300974  1.15673
7483.12942171098  1.163195
7486.02576041223  1.165859
7488.92209911348  1.167366
7491.81843781473  1.184482
7494.71477651598  1.198444
7497.61111521723  1.225564
7500.50745391847  1.273266
7503.40379261972  1.29725
7506.30013132097  1.278992
7509.19647002222  1.257941
7512.09280872347  1.280002
7514.98914742471  1.265498
7517.88548612596  1.220631
7520.78182482721  1.197053
7523.67816352846  1.175658
7526.57450222971  1.174039
7529.47084093096  1.170237
7532.3671796322  1.169426
7535.26351833345  1.156017
7538.1598570347  1.164427
7541.05619573595  1.158108
7543.9525344372  1.149668
7546.84887313844  1.163468
7549.74521183969  1.146428
7552.64155054094  1.150718
7555.53788924219  1.15969
7558.43422794344  1.149198
7561.33056664469  1.150892
7564.22690534593  1.143145
7567.12324404718  1.135923
7570.01958274843  1.133463
7572.91592144968  1.099999
7575.81226015093  1.052741
7578.70859885217  0.9790739
7581.60493755342  0.8907973
7584.50127625467  0.8204662
7587.39761495592  0.7517942
7590.29395365717  0.6913772
7593.19029235842  0.6272828
7596.08663105966  0.5911916
7598.98296976091  0.5541307
7601.87930846216  0.511919
7604.77564716341  0.4682509
7607.67198586466  0.4516897
7610.5683245659  0.4444683
7613.46466326715  0.4712865
7616.3610019684  0.5140704
7619.25734066965  0.564313
7622.1536793709  0.6002546
7625.05001807214  0.6183166
7627.94635677339  0.6564578
7630.84269547464  0.7260507
7633.73903417589  0.7631202
7636.63537287714  0.7572301
7639.53171157839  0.7278146
7642.42805027963  0.7305886
7645.32438898088  0.759164
7648.22072768213  0.7855254
7651.11706638338  0.8162167
7654.01340508463  0.8549238
7656.90974378587  0.8899444
7659.80608248712  0.9182698
7662.70242118837  0.9411067
7665.59875988962  0.9494457
7668.49509859087  0.9891126
7671.39143729212  1.002805
7674.28777599336  1.022918
7677.18411469461  1.028829
7680.08045339586  1.039072
7682.97679209711  1.055034
7685.87313079836  1.049719
7688.7694694996  1.061437
7691.66580820085  1.081576
7694.5621469021  1.060455
7697.45848560335  1.077287
7700.3548243046  1.063005
7703.25116300585  1.082187
7706.14750170709  1.081136
7709.04384040834  1.083561
7711.94017910959  1.087151
7714.83651781084  1.114915
7717.73285651209  1.144079
7720.62919521333  1.194706
7723.52553391458  1.204245
7726.42187261583  1.158053
7729.31821131708  1.107694
7732.21455001833  1.081002
7735.11088871958  1.087947
7738.00722742082  1.06211
7740.90356612207  1.065297
7743.79990482332  1.056309
7746.69624352457  1.05374
7749.59258222582  1.037835
7752.48892092706  1.042848
7755.38525962831  1.043792
7758.28159832956  1.056743
7761.17793703081  1.044931
7764.07427573206  1.037466
7766.97061443331  1.036276
7769.86695313455  1.032251
7772.7632918358  1.031908
7775.65963053705  1.043161
7778.5559692383  1.035971
7781.45230793955  1.046617
7784.34864664079  1.052374
7787.24498534204  1.041459
7790.14132404329  1.036977
7793.03766274454  1.045171
7795.93400144579  1.052174
7798.83034014704  1.035279
7801.72667884828  1.025607
7804.62301754953  1.020062
7807.51935625078  1.011328
7810.41569495203  1.019377
7813.31203365328  1.013083
7816.20837235452  1.01825
7819.10471105577  1.020768
7822.00104975702  1.01555
7824.89738845827  1.010752
7827.79372715952  1.006696
7830.69006586076  1.01405
7833.58640456201  1.010332
7836.48274326326  1.006048
7839.37908196451  1.001324
7842.27542066576  0.9891735
7845.17175936701  0.9921723
7848.06809806825  0.9845995
7850.9644367695  0.9786358
7853.86077547075  0.9897302
7856.757114172  0.9857881
7859.65345287325  0.9818358
7862.54979157449  0.9765934
7865.44613027574  0.9689644
7868.34246897699  0.9717809
7871.23880767824  0.9653583
7874.13514637949  0.9586322
7877.03148508074  0.9686275
7879.92782378198  0.9473169
7882.82416248323  0.9322075
7885.72050118448  0.929611
7888.61683988573  0.9262027
7891.51317858698  0.9171329
7894.40951728822  0.9136479
