4066.49584960937  -1.149927
4069.3963124752  -1.193488
4072.29677534103  -1.240155
4075.19723820686  -1.290259
4078.09770107269  -1.344188
4080.99816393852  -1.266763
4083.89862680435  -1.377261
4086.79908967018  -1.394903
4089.69955253601  -1.840055
4092.60001540184  -1.880311
4095.50047826767  -2.049853
4098.4009411335  -2.457542
4101.30140399933  -2.540655
4104.20186686516  -2.819888
4107.10232973099  -2.686525
4110.00279259682  -2.395907
4112.90325546265  -2.480549
4115.80371832848  -1.781673
4118.7041811943  -1.790071
4121.60464406013  -1.371555
4124.50510692596  -1.009258
4127.40556979179  -1.948669
4130.30603265762  -1.93429
4133.20649552345  -1.473791
4136.10695838928  -2.007157
4139.00742125511  -2.223957
4141.90788412094  -2.931501
4144.80834698677  -4.306436
4147.7088098526  -8.195122
4150.60927271843  -11.16623
4153.50973558426  -27.34931
4156.41019845009  22.8776
4159.31066131592  8.82618
4162.21112418175  4.949735
4165.11158704758  3.258775
4168.01204991341  3.701306
4170.91251277924  2.523094
4173.81297564506  1.855967
4176.71343851089  2.15762
4179.61390137672  1.9162
4182.51436424255  1.542855
4185.41482710838  1.36127
4188.31528997421  1.416475
4191.21575284004  1.305987
4194.11621570587  0.9741633
4197.0166785717  1.262138
4199.91714143753  1.093024
4202.81760430336  0.8390875
4205.71806716919  0.8767853
4208.61853003502  0.9291241
4211.51899290085  0.797007
4214.41945576668  0.7430463
4217.31991863251  0.7732304
4220.22038149834  0.6319061
4223.12084436417  0.7555088
4226.02130723  0.7752802
4228.92177009582  0.6670085
4231.82223296165  0.542146
4234.72269582748  0.6601869
4237.62315869331  0.5558919
4240.52362155914  0.4623412
4243.42408442497  0.5316196
4246.3245472908  0.6004206
4249.22501015663  0.6608729
4252.12547302246  0.5340153
4255.02593588829  0.6176515
4257.92639875412  0.5386584
4260.82686161995  0.4841969
4263.72732448578  0.6007844
4266.62778735161  0.5389134
4269.52825021744  0.5351782
4272.42871308327  0.5499004
4275.3291759491  0.4447996
4278.22963881493  0.5068301
4281.13010168076  0.5645547
4284.03056454658  0.4880893
4286.93102741241  0.4331383
4289.83149027824  0.4546063
4292.73195314407  0.5042272
4295.6324160099  0.432537
4298.53287887573  0.4942612
4301.43334174156  0.4671718
4304.33380460739  0.4771942
4307.23426747322  0.4502469
4310.13473033905  0.451559
4313.03519320488  0.4522406
4315.93565607071  0.52758
4318.83611893654  0.6262597
4321.73658180237  0.9630558
4324.6370446682  1.236194
4327.53750753403  1.327192
4330.43797039986  1.392946
4333.33843326569  1.543556
4336.23889613152  1.637389
4339.13935899734  1.860281
4342.03982186317  2.138962
4344.940284729  2.187649
4347.84074759483  2.035948
4350.74121046066  1.913316
4353.64167332649  1.591565
4356.54213619232  1.305229
4359.44259905815  1.369842
4362.34306192398  1.356338
4365.24352478981  1.252597
4368.14398765564  1.13308
4371.04445052147  0.8897405
4373.9449133873  0.7157452
4376.84537625313  0.5347293
4379.74583911896  0.5086344
4382.64630198479  0.526966
4385.54676485062  0.4778206
4388.44722771645  0.4481541
4391.34769058228  0.468611
4394.2481534481  0.4896376
4397.14861631393  0.4668191
4400.04907917976  0.4304013
4402.94954204559  0.4341011
4405.85000491142  0.4411451
4408.75046777725  0.4391342
4411.65093064308  0.4928793
4414.55139350891  0.4593261
4417.45185637474  0.4281457
4420.35231924057  0.4758613
4423.2527821064  0.4585516
4426.15324497223  0.4497576
4429.05370783806  0.4405141
4431.95417070389  0.4350891
4434.85463356972  0.4337905
4437.75509643555  0.4348834
4440.65555930138  0.4592206
4443.55602216721  0.4361221
4446.45648503303  0.440718
4449.35694789886  0.4367371
4452.25741076469  0.4839979
4455.15787363052  0.4900418
4458.05833649635  0.5138142
4460.95879936218  0.5286931
4463.85926222801  0.5365461
4466.75972509384  0.548817
4469.66018795967  0.5358704
4472.5606508255  0.5292863
4475.46111369133  0.5459134
4478.36157655716  0.5289024
4481.26203942299  0.5190698
4484.16250228882  0.502643
4487.06296515465  0.4554884
4489.96342802048  0.4879872
4492.86389088631  0.4458925
4495.76435375214  0.4632611
4498.66481661797  0.4602453
4501.5652794838  0.4807146
4504.46574234962  0.4909533
4507.36620521545  0.5115818
4510.26666808128  0.5153946
4513.16713094711  0.5295537
4516.06759381294  0.5260687
4518.96805667877  0.5440374
4521.8685195446  0.5163072
4524.76898241043  0.4981047
4527.66944527626  0.4922398
4530.56990814209  0.4984106
4533.47037100792  0.4567825
4536.37083387375  0.4477661
4539.27129673958  0.4415682
4542.17175960541  0.4221999
4545.07222247124  0.4096603
4547.97268533707  0.3933271
4550.8731482029  0.3835104
4553.77361106873  0.3619098
4556.67407393456  0.351319
4559.57453680038  0.3580269
4562.47499966621  0.335284
4565.37546253204  0.3391164
4568.27592539787  0.314588
4571.1763882637  0.3254272
4574.07685112953  0.32197
4576.97731399536  0.3229227
4579.87777686119  0.3328391
4582.77823972702  0.2818969
4585.67870259285  0.2870923
4588.57916545868  0.2924842
4591.47962832451  0.300831
4594.38009119034  0.3134808
4597.28055405617  0.2933798
4600.181016922  0.2766299
4603.08147978783  0.2750778
4605.98194265366  0.2871982
4608.88240551949  0.2709103
4611.78286838532  0.2561115
4614.68333125114  0.2701056
4617.58379411697  0.2785612
4620.4842569828  0.2493385
4623.38471984863  0.272027
4626.28518271446  0.3156552
4629.18564558029  0.312908
4632.08610844612  0.3043051
4634.98657131195  0.3372917
4637.88703417778  0.3135593
4640.78749704361  0.3284633
4643.68795990944  0.3577301
4646.58842277527  0.3108521
4649.4888856411  0.2796079
4652.38934850693  0.2595882
4655.28981137276  0.2739336
4658.19027423859  0.2570971
4661.09073710442  0.2526462
4663.99119997025  0.2362268
4666.89166283608  0.2794995
4669.7921257019  0.3518175
4672.69258856773  0.4364799
4675.59305143356  0.4478647
4678.49351429939  0.4475117
4681.39397716522  0.4581717
4684.29444003105  0.4591826
4687.19490289688  0.4692655
4690.09536576271  0.4399132
4692.99582862854  0.3971607
4695.89629149437  0.3676004
4698.7967543602  0.3008135
4701.69721722603  0.2703805
4704.59768009186  0.2565947
4707.49814295769  0.257445
4710.39860582352  0.260291
4713.29906868935  0.2755195
4716.19953155518  0.2622439
4719.09999442101  0.2526593
4722.00045728684  0.2368928
4724.90092015266  0.22813
4727.80138301849  0.2289339
4730.70184588432  0.2333858
4733.60230875015  0.230781
4736.50277161598  0.2151168
4739.40323448181  0.2179094
4742.30369734764  0.2320125
4745.20416021347  0.2330994
4748.1046230793  0.2196056
4751.00508594513  0.1886219
4753.90554881096  0.1686462
4756.80601167679  0.1527781
4759.70647454262  0.1551981
4762.60693740845  0.1501539
4765.50740027428  0.1376281
4768.40786314011  0.1434432
4771.30832600594  0.1358405
4774.20878887177  0.1543683
4777.1092517376  0.1491735
4780.00971460342  0.1528493
4782.91017746925  0.152431
4785.81064033508  0.137596
4788.71110320091  0.1469001
4791.61156606674  0.1374236
4794.51202893257  0.1399844
4797.4124917984  0.1442836
4800.31295466423  0.1427765
4803.21341753006  0.1424599
4806.11388039589  0.1372135
4809.01434326172  0.1443521
4811.91480612755  0.144934
4814.81526899338  0.1464126
4817.71573185921  0.139293
4820.61619472504  0.1487864
4823.51665759087  0.1521751
4826.4171204567  0.1560643
4829.31758332253  0.1628543
4832.21804618836  0.1657905
4835.11850905418  0.1754602
4838.01897192001  0.1866708
4840.91943478584  0.2470243
4843.81989765167  0.5545868
4846.7203605175  1.051653
4849.62082338333  1.386083
4852.52128624916  1.474932
4855.42174911499  1.5184
4858.32221198082  1.67526
4861.22267484665  1.888834
4864.12313771248  1.922258
4867.02360057831  1.712379
4869.92406344414  1.336157
4872.82452630997  0.7381233
4875.7249891758  0.3762752
4878.62545204163  0.2754492
4881.52591490746  0.1985378
4884.42637777329  0.1824501
4887.32684063912  0.1848704
4890.22730350494  0.1717311
4893.12776637077  0.1742531
4896.0282292366  0.1712298
4898.92869210243  0.1670913
4901.82915496826  0.1665999
4904.72961783409  0.1618614
4907.63008069992  0.1830907
4910.53054356575  0.2168616
4913.43100643158  0.2347695
4916.33146929741  0.194842
4919.23193216324  0.197585
4922.13239502907  0.2156336
4925.0328578949  0.2134347
4927.93332076073  0.214925
4930.83378362656  0.2192774
4933.73424649239  0.2465017
4936.63470935822  0.3357681
4939.53517222405  0.8297811
4942.43563508988  2.456804
4945.3360979557  4.446488
4948.23656082153  5.338649
4951.13702368736  5.585015
4954.03748655319  5.904218
4956.93794941902  6.61693
4959.83841228485  7.392866
4962.73887515068  7.271333
4965.63933801651  6.236349
4968.53980088234  4.132159
4971.44026374817  1.750982
4974.340726614  0.8336904
4977.24118947983  0.5905067
4980.14165234566  0.3932401
4983.04211521149  0.5579088
4985.94257807732  1.137537
4988.84304094315  4.345807
4991.74350380898  10.58608
4994.64396667481  15.84776
4997.54442954064  17.23419
5000.44489240647  17.51384
5003.3453552723  19.21967
5006.24581813812  21.58825
5009.14628100395  22.86448
5012.04674386978  20.83944
5014.94720673561  16.32232
5017.84766960144  8.54543
5020.74813246727  2.940789
5023.6485953331  1.672092
5026.54905819893  0.5543752
5029.44952106476  0.2659509
5032.34998393059  0.2247771
5035.25044679642  0.2003692
5038.15090966225  0.1943053
5041.05137252808  0.1898188
5043.95183539391  0.18076
5046.85229825974  0.1782326
5049.75276112557  0.1794705
5052.6532239914  0.1886322
5055.55368685723  0.1822933
5058.45414972306  0.1834185
5061.35461258888  0.1806991
5064.25507545471  0.1905216
5067.15553832054  0.1893292
5070.05600118637  0.1770376
5072.9564640522  0.1808966
5075.85692691803  0.1844121
5078.75738978386  0.1753202
5081.65785264969  0.1694096
5084.55831551552  0.1836157
5087.45877838135  0.1759703
5090.35924124718  0.1825237
5093.25970411301  0.1854321
5096.16016697884  0.1785684
5099.06062984467  0.1945104
5101.9610927105  0.1763632
5104.86155557633  0.192344
5107.76201844216  0.203704
5110.66248130799  0.1958837
5113.56294417382  0.1924258
5116.46340703964  0.193084
5119.36386990547  0.1861714
5122.2643327713  0.1755042
5125.16479563713  0.1991665
5128.06525850296  0.1917052
5130.96572136879  0.2045728
5133.86618423462  0.2039121
5136.76664710045  0.1902501
5139.66710996628  0.205391
5142.56757283211  0.2094245
5145.46803569794  0.2113034
5148.36849856377  0.2291897
5151.2689614296  0.2315839
5154.16942429543  0.2617658
5157.06988716126  0.2439389
5159.97035002709  0.2060844
5162.87081289292  0.2037821
5165.77127575875  0.2126499
5168.67173862458  0.2197954
5171.5722014904  0.2024731
5174.47266435623  0.2180536
5177.37312722206  0.2191564
5180.27359008789  0.2197158
5183.17405295372  0.2164599
5186.07451581955  0.2255587
5188.97497868538  0.2166184
5191.87544155121  0.2156195
5194.77590441704  0.2115043
5197.67636728287  0.2107268
5200.5768301487  0.2209919
5203.47729301453  0.2334073
5206.37775588036  0.2290243
5209.27821874619  0.2168342
5212.17868161202  0.2238043
5215.07914447785  0.2177157
5217.97960734367  0.2318162
5220.88007020951  0.2273249
5223.78053307534  0.2265066
5226.68099594116  0.2211993
5229.58145880699  0.2188917
5232.48192167282  0.2261396
5235.38238453865  0.2369655
5238.28284740448  0.2313352
5241.18331027031  0.2311699
5244.08377313614  0.230446
5246.98423600197  0.2269147
5249.8846988678  0.2312642
5252.78516173363  0.2240818
5255.68562459946  0.2347369
5258.58608746529  0.2410792
5261.48655033112  0.238102
5264.38701319695  0.2458586
5267.28747606278  0.2401065
5270.18793892861  0.2323404
5273.08840179444  0.2437848
5275.98886466027  0.241038
5278.8893275261  0.2378357
5281.78979039192  0.2460738
5284.69025325775  0.2584484
5287.59071612358  0.2487523
5290.49117898941  0.2470375
5293.39164185524  0.2540991
5296.29210472107  0.2542222
5299.1925675869  0.2484731
5302.09303045273  0.2591504
5304.99349331856  0.2474774
5307.89395618439  0.2540226
5310.79441905022  0.2684593
5313.69488191605  0.2629202
5316.59534478188  0.259912
5319.49580764771  0.2637477
5322.39627051354  0.2536029
5325.29673337937  0.270393
5328.19719624519  0.2602198
5331.09765911103  0.2767584
5333.99812197685  0.3063361
5336.89858484268  0.3386244
5339.79904770851  0.3678842
5342.69951057434  0.3985781
5345.59997344017  0.4126785
5348.500436306  0.4504962
5351.40089917183  0.4667998
5354.30136203766  0.4694664
5357.20182490349  0.4860161
5360.10228776932  0.4902021
5363.00275063515  0.466459
5365.90321350098  0.4507605
5368.80367636681  0.4309128
5371.70413923264  0.4225993
5374.60460209847  0.4090618
5377.5050649643  0.4145736
5380.40552783013  0.4176864
5383.30599069596  0.3881651
5386.20645356179  0.4025957
5389.10691642762  0.4151592
5392.00737929344  0.4155723
5394.90784215927  0.4412127
5397.8083050251  0.4525073
5400.70876789093  0.4783925
5403.60923075676  0.4980084
5406.50969362259  0.5126044
5409.41015648842  0.5277178
5412.31061935425  0.5548178
5415.21108222008  0.563579
5418.11154508591  0.563765
5421.01200795174  0.5534812
5423.91247081757  0.5508019
5426.8129336834  0.5128987
5429.71339654923  0.5298226
5432.61385941506  0.5094474
5435.51432228089  0.5073907
5438.41478514672  0.5206646
5441.31524801255  0.541535
5444.21571087838  0.6282798
5447.1161737442  0.7363776
5450.01663661003  0.7676883
5452.91709947586  0.7882201
5455.81756234169  0.7782637
5458.71802520752  0.8009738
5461.61848807335  0.8435863
5464.51895093918  0.8619114
5467.41941380501  0.8000143
5470.31987667084  0.7059513
5473.22033953667  0.5695295
5476.1208024025  0.5109904
5479.02126526833  0.4794369
5481.92172813416  0.4530233
5484.82219099999  0.4486402
5487.72265386582  0.4379156
5490.62311673165  0.4247815
5493.52357959748  0.4015897
5496.42404246331  0.3948771
5499.32450532914  0.4059143
5502.22496819496  0.4034807
5505.12543106079  0.384225
5508.02589392662  0.3953921
5510.92635679245  0.4028274
5513.82681965828  0.3957071
5516.72728252411  0.3986363
5519.62774538994  0.3918595
5522.52820825577  0.3954801
5525.4286711216  0.3962443
5528.32913398743  0.3917271
5531.22959685326  0.3818907
5534.13005971909  0.3712824
5537.03052258492  0.3746044
5539.93098545075  0.3691707
5542.83144831658  0.388388
5545.73191118241  0.3791131
5548.63237404824  0.3422166
5551.53283691407  0.3556585
5554.4332997799  0.3543141
5557.33376264572  0.3592784
5560.23422551155  0.3749599
5563.13468837738  0.3890541
5566.03515124321  0.4012686
5568.93561410904  0.4064204
5571.83607697487  0.4056238
5574.7365398407  0.411185
5577.63700270653  0.4152693
5580.53746557236  0.4357929
5583.43792843819  0.4194103
5586.33839130402  0.4085681
5589.23885416985  0.3798647
5592.13931703568  0.3682099
5595.03977990151  0.3647709
5597.94024276734  0.3599362
5600.84070563317  0.3605452
5603.741168499  0.3673807
5606.64163136483  0.3641078
5609.54209423066  0.377212
5612.44255709648  0.3535648
5615.34301996231  0.377572
5618.24348282814  0.365708
5621.14394569397  0.3658031
5624.0444085598  0.3619639
5626.94487142563  0.359712
5629.84533429146  0.374838
5632.74579715729  0.3776707
5635.64626002312  0.3656927
5638.54672288895  0.3754112
5641.44718575478  0.3775372
5644.34764862061  0.3798566
5647.24811148644  0.3852515
5650.14857435227  0.3852035
5653.0490372181  0.3824034
5655.94950008393  0.3842145
5658.84996294975  0.4075184
5661.75042581559  0.4238101
5664.65088868142  0.4193382
5667.55135154724  0.4272627
5670.45181441307  0.487851
5673.3522772789  0.5059226
5676.25274014473  0.5202387
5679.15320301056  0.5299556
5682.05366587639  0.5422131
5684.95412874222  0.5472627
5687.85459160805  0.5333872
5690.75505447388  0.5396399
5693.65551733971  0.5476977
5696.55598020554  0.4997209
5699.45644307137  0.4794028
5702.3569059372  0.4399804
5705.25736880303  0.4198363
5708.15783166886  0.4345641
5711.05829453469  0.4218807
5713.95875740052  0.4146552
5716.85922026635  0.4136437
5719.75968313218  0.4011034
5722.660145998  0.4115825
5725.56060886383  0.4218524
5728.46107172967  0.4235561
5731.36153459549  0.4046413
5734.26199746132  0.4127322
5737.16246032715  0.4080423
5740.06292319298  0.4114732
5742.96338605881  0.4332834
5745.86384892464  0.4162454
5748.76431179047  0.4336138
5751.6647746563  0.4794477
5754.56523752213  0.4718184
5757.46570038796  0.5216626
5760.36616325379  0.5345026
5763.26662611962  0.5050133
5766.16708898545  0.5269631
5769.06755185128  0.5330033
5771.96801471711  0.5702746
5774.86847758294  0.5974282
5777.76894044876  0.577266
5780.66940331459  0.5735143
5783.56986618042  0.575957
5786.47032904625  0.5442861
5789.37079191208  0.5626618
5792.27125477791  0.5881903
5795.17171764374  0.5782424
5798.07218050957  0.5607365
5800.9726433754  0.543632
5803.87310624123  0.5504645
5806.77356910706  0.5296136
5809.67403197289  0.507849
5812.57449483872  0.5184885
5815.47495770455  0.5444223
5818.37542057038  0.5385805
5821.27588343621  0.5417091
5824.17634630204  0.5595898
5827.07680916787  0.5524464
5829.9772720337  0.5655976
5832.87773489952  0.5584608
5835.77819776535  0.5502419
5838.67866063118  0.5941991
5841.57912349701  0.5725241
5844.47958636284  0.5923817
5847.38004922867  0.6085958
5850.2805120945  0.6429897
5853.18097496033  0.6722074
5856.08143782616  0.7535591
5858.98190069199  0.9662312
5861.88236355782  1.143299
5864.78282642365  1.189427
5867.68328928948  1.150512
5870.58375215531  1.203128
5873.48421502114  1.331141
5876.38467788697  1.433254
5879.2851407528  1.447213
5882.18560361863  1.327225
5885.08606648446  1.098787
5887.98652935028  0.863437
5890.88699221611  0.7875199
5893.78745508194  0.7260438
5896.68791794777  0.7217661
5899.5883808136  0.7217154
5902.48884367943  0.7308915
5905.38930654526  0.7102334
5908.28976941109  0.692915
5911.19023227692  0.6786692
5914.09069514275  0.6983167
5916.99115800858  0.7014536
5919.89162087441  0.7155863
5922.79208374024  0.6864681
5925.69254660607  0.7027787
5928.5930094719  0.6769607
5931.49347233773  0.6875997
5934.39393520356  0.6809803
5937.29439806939  0.634236
5940.19486093522  0.6936947
5943.09532380104  0.6488823
5945.99578666688  0.665826
5948.8962495327  0.5930827
5951.79671239853  0.6015314
5954.69717526436  0.6476533
5957.59763813019  0.6212319
5960.49810099602  0.6240863
5963.39856386185  0.6259773
5966.29902672768  0.6305716
5969.19948959351  0.6250525
5972.09995245934  0.634271
5975.00041532517  0.634881
5977.900878191  0.6374327
5980.80134105683  0.6210836
5983.70180392266  0.6422362
5986.60226678849  0.6136762
5989.50272965432  0.6332727
5992.40319252015  0.6238464
5995.30365538598  0.6080478
5998.2041182518  0.6229738
6001.10458111763  0.6045104
6004.00504398346  0.6179428
6006.90550684929  0.6148323
6009.80596971512  0.6317217
6012.70643258095  0.5886045
6015.60689544678  0.5826625
6018.50735831261  0.6034619
6021.40782117844  0.578509
6024.30828404427  0.5748731
6027.2087469101  0.5709647
6030.10920977593  0.580312
6033.00967264176  0.610495
6035.91013550759  0.5902571
6038.81059837342  0.5785017
6041.71106123925  0.5703915
6044.61152410508  0.5736267
6047.51198697091  0.5885165
6050.41244983674  0.5899426
6053.31291270256  0.574869
6056.21337556839  0.5661978
6059.11383843422  0.5792367
6062.01430130005  0.580181
6064.91476416588  0.5788975
6067.81522703171  0.6037557
6070.71568989754  0.6339126
6073.61615276337  0.6518397
6076.5166156292  1.067394
6079.41707849503  1.419767
6082.31754136086  1.369837
6085.21800422669  0.9003728
6088.11846709252  0.7235674
6091.01892995835  0.7503608
6093.91939282418  0.8304413
6096.81985569001  0.8958297
6099.72031855583  0.9985425
6102.62078142167  1.038249
6105.5212442875  1.088971
6108.42170715332  1.144422
6111.32217001915  1.169737
6114.22263288498  1.177931
6117.12309575081  1.22175
6120.02355861664  1.155263
6122.92402148247  1.087202
6125.8244843483  0.986436
6128.72494721413  0.8899468
6131.62541007996  0.8420259
6134.52587294579  0.820078
6137.42633581162  0.8075408
6140.32679867745  0.8038765
6143.22726154328  0.8130133
6146.12772440911  0.7967606
6149.02818727494  0.7690438
6151.92865014077  0.7641345
6154.8291130066  0.7158198
6157.72957587243  0.7273487
6160.63003873826  0.7364907
6163.53050160408  0.7091424
6166.43096446991  0.6640733
6169.33142733574  0.6509817
6172.23189020157  0.6559621
6175.1323530674  0.6210474
6178.03281593323  0.6153277
6180.93327879906  0.6054068
6183.83374166489  0.6117988
6186.73420453072  0.5967083
6189.63466739655  0.5926841
6192.53513026238  0.6150544
6195.43559312821  0.6054106
6198.33605599404  0.5750715
6201.23651885987  0.5914927
6204.1369817257  0.5843852
6207.03744459153  0.590393
6209.93790745735  0.5913363
6212.83837032319  0.6167525
6215.73883318901  0.6250148
6218.63929605484  0.6255218
6221.53975892067  0.6219829
6224.4402217865  0.6273859
6227.34068465233  0.6077486
6230.24114751816  0.6228429
6233.14161038399  0.6181181
6236.04207324982  0.6236017
6238.94253611565  0.6202592
6241.84299898148  0.66329
6244.74346184731  0.7110396
6247.64392471314  0.6440665
6250.54438757897  0.6172417
6253.4448504448  0.6131196
6256.34531331063  0.6356295
6259.24577617646  0.6262679
6262.14623904229  0.6255823
6265.04670190812  0.6215883
6267.94716477395  0.6379627
6270.84762763978  0.6353145
6273.7480905056  0.6135536
6276.64855337143  0.5884835
6279.54901623726  0.5740616
6282.44947910309  0.5918077
6285.34994196892  0.607461
6288.25040483475  0.6230301
6291.15086770058  0.6471587
6294.05133056641  0.6693934
6296.95179343224  0.6931932
6299.85225629807  0.7141952
6302.7527191639  0.7589992
6305.65318202973  0.7488248
6308.55364489556  0.7579492
6311.45410776139  0.7357453
6314.35457062722  0.7193714
6317.25503349305  0.709518
6320.15549635888  0.657851
6323.05595922471  0.6044806
6325.95642209054  0.5617253
6328.85688495636  0.555454
6331.75734782219  0.5661262
6334.65781068802  0.5823992
6337.55827355385  0.5454193
6340.45873641968  0.5308401
6343.35919928551  0.5262161
6346.25966215134  0.5274374
6349.16012501717  0.5406623
6352.060587883  0.5147504
6354.96105074883  0.5028017
6357.86151361466  0.5351765
6360.76197648049  0.5481834
6363.66243934632  0.5402853
6366.56290221215  0.5487848
6369.46336507798  0.4905806
6372.36382794381  0.495032
6375.26429080964  0.5072815
6378.16475367547  0.5460383
6381.0652165413  0.5724871
6383.96567940712  0.5058833
6386.86614227296  0.4782582
6389.76660513878  0.5235491
6392.66706800461  0.5390403
6395.56753087044  0.5351267
6398.46799373627  0.5301957
6401.3684566021  0.5729386
6404.26891946793  0.5507682
6407.16938233376  0.494139
6410.06984519959  0.4910393
6412.97030806542  0.4773987
6415.87077093125  0.4957675
6418.77123379708  0.4988471
6421.67169666291  0.4787802
6424.57215952874  0.5407428
6427.47262239457  0.5112123
6430.3730852604  0.5131322
6433.27354812623  0.4832788
6436.17401099206  0.4938749
6439.07447385788  0.4893314
6441.97493672371  0.4964925
6444.87539958954  0.4909561
6447.77586245537  0.4698025
6450.6763253212  0.527027
6453.57678818703  0.5041799
6456.47725105286  0.5560058
6459.37771391869  0.5087237
6462.27817678452  0.4979374
6465.17863965035  0.4945834
6468.07910251618  0.4781981
6470.97956538201  0.4653157
6473.88002824784  0.4908035
6476.78049111367  0.4865584
6479.6809539795  0.4703432
6482.58141684533  0.5190844
6485.48187971116  0.5005199
6488.38234257699  0.4988423
6491.28280544282  0.4767706
6494.18326830864  0.4737958
6497.08373117447  0.5225932
6499.9841940403  0.5279676
6502.88465690613  0.5758511
6505.78511977196  0.5909725
6508.68558263779  0.6175506
6511.58604550362  0.6159403
6514.48650836945  0.5276985
6517.38697123528  0.5542357
6520.28743410111  0.5659252
6523.18789696694  0.5803943
6526.08835983277  0.5657166
6528.9888226986  0.6948539
6531.88928556443  0.8006341
6534.78974843026  1.045086
6537.69021129609  1.553558
6540.59067416192  3.397609
6543.49113702775  8.633598
6546.39159989358  16.30552
6549.2920627594  20.72204
6552.19252562524  20.92194
6555.09298849106  20.86519
6557.99345135689  23.2431
6560.89391422272  25.81102
6563.79437708855  28.53213
6566.69483995438  28.57407
6569.59530282021  24.76706
6572.49576568604  17.93542
6575.39622855187  9.14971
6578.2966914177  4.392514
6581.19715428353  3.071089
6584.09761714936  1.764504
6586.99808001519  1.439047
6589.89854288102  1.282019
6592.79900574685  1.164457
6595.69946861268  0.859291
6598.59993147851  0.6638898
6601.50039434434  0.597336
6604.40085721016  0.5229586
6607.301320076  0.4833179
6610.20178294183  0.4645215
6613.10224580765  0.5124126
6616.00270867348  0.4708406
6618.90317153931  0.4406762
6621.80363440514  0.4527105
6624.70409727097  0.4387103
6627.6045601368  0.4646625
6630.50502300263  0.4831556
6633.40548586846  0.4629946
6636.30594873429  0.4908621
6639.20641160012  0.4734689
6642.10687446595  0.4666996
6645.00733733178  0.48098
6647.90780019761  0.4776061
6650.80826306344  0.4271733
6653.70872592927  0.4761107
6656.6091887951  0.5158589
6659.50965166092  0.5735431
6662.41011452675  0.7347177
6665.31057739258  0.699842
6668.21104025841  0.7094951
6671.11150312424  0.7353979
6674.01196599007  0.8507323
6676.9124288559  0.893547
6679.81289172173  0.9587555
6682.71335458756  0.8222708
6685.61381745339  1.50188
6688.51428031922  2.178194
6691.41474318505  0.6507431
6694.31520605088  0.9437488
6697.21566891671  0.8039844
6700.11613178254  0.5851156
6703.01659464837  0.4768604
6705.9170575142  0.5546294
6708.81752038003  0.5562605
6711.71798324586  0.6033599
6714.61844611168  0.6664608
6717.51890897752  0.6084845
6720.41937184334  0.6452368
6723.31983470917  0.6432944
6726.220297575  0.5580968
6729.12076044083  0.6049806
6732.02122330666  0.5598442
6734.92168617249  0.5555523
6737.82214903832  0.5617899
6740.72261190415  0.5509284
6743.62307476998  0.5149078
6746.52353763581  0.4647645
6749.42400050164  0.4139108
6752.32446336747  0.3890197
6755.2249262333  0.4009475
6758.12538909913  0.4485664
6761.02585196496  0.4337863
6763.92631483079  0.3686797
6766.82677769662  0.3827427
6769.72724056244  0.4315894
6772.62770342827  0.4183792
6775.5281662941  0.4131011
6778.42862915993  0.4476251
6781.32909202576  0.4389624
6784.22955489159  0.4278744
6787.13001775742  0.4091464
6790.03048062325  0.4358509
6792.93094348908  0.4529164
6795.83140635491  0.4417153
6798.73186922074  0.4933305
6801.63233208657  0.4399453
6804.5327949524  0.438404
6807.43325781823  0.4247429
6810.33372068406  0.392786
6813.23418354989  0.4733498
6816.13464641572  0.4473503
6819.03510928155  0.4235545
6821.93557214738  0.4494961
6824.8360350132  0.4781023
6827.73649787904  0.4724853
6830.63696074486  0.4894778
6833.53742361069  0.4771251
6836.43788647652  0.5347806
6839.33834934235  0.4639208
6842.23881220818  0.4923511
6845.13927507401  0.4622585
6848.03973793984  0.3732355
6850.94020080567  0.4041842
6853.8406636715  0.4639913
6856.74112653733  0.4192556
6859.64158940316  0.414135
6862.54205226899  0.4520697
6865.44251513482  0.4046335
6868.34297800065  0.468149
6871.24344086648  0.4360382
6874.14390373231  0.4186175
6877.04436659814  0.3865034
6879.94482946396  0.4059231
6882.84529232979  0.4391693
6885.74575519562  0.3925435
6888.64621806145  0.394488
6891.54668092728  0.4623526
6894.44714379311  0.443904
6897.34760665894  0.4091924
6900.24806952477  0.4296975
6903.1485323906  0.4195935
6906.04899525643  0.4052169
6908.94945812226  0.395038
6911.84992098809  0.4049474
6914.75038385392  0.4418724
6917.65084671975  0.3444907
6920.55130958558  0.4014262
6923.45177245141  0.4453472
6926.35223531724  0.4206388
6929.25269818307  0.4648545
6932.1531610489  0.4695494
6935.05362391472  0.4196507
6937.95408678055  0.3924849
6940.85454964638  0.4387748
6943.75501251221  0.4187023
6946.65547537804  0.3944552
6949.55593824387  0.3997631
6952.4564011097  0.4188448
6955.35686397553  0.4808834
6958.25732684136  0.4876603
6961.15778970719  0.6461446
6964.05825257302  0.6810397
6966.95871543885  0.5477713
6969.85917830468  0.4703617
6972.75964117051  0.4470649
6975.66010403634  0.4162633
6978.56056690217  0.4245324
6981.46102976799  0.4298472
6984.36149263383  0.3654994
6987.26195549966  0.3778851
6990.16241836548  0.3864786
6993.06288123131  0.3842054
6995.96334409714  0.4032242
6998.86380696297  0.4282449
7001.7642698288  0.4080724
7004.66473269463  0.3856356
7007.56519556046  0.4033526
7010.46565842629  0.4017123
7013.36612129212  0.411673
7016.26658415795  0.3739316
7019.16704702378  0.3169042
7022.06750988961  0.3783702
7024.96797275544  0.4781759
7027.86843562127  0.4213948
7030.7688984871  0.3962053
7033.66936135293  0.5104775
7036.56982421876  0.388919
7039.47028708459  0.4105753
7042.37074995042  0.4465072
7045.27121281624  0.5369697
7048.17167568207  0.7461336
7051.0721385479  0.7887346
7053.97260141373  0.835673
7056.87306427956  0.8629385
7059.77352714539  0.9801325
7062.67399001122  1.142812
7065.57445287705  1.26209
7068.47491574288  1.205235
7071.37537860871  1.170149
7074.27584147454  1.02489
7077.17630434037  0.8219879
7080.0767672062  0.647872
7082.97723007203  0.5928946
7085.87769293786  0.5353606
7088.77815580369  0.527449
7091.67861866951  0.4749975
7094.57908153535  0.4610886
7097.47954440117  0.4733697
7100.380007267  0.5047383
7103.28047013283  0.5006938
7106.18093299866  0.530279
7109.08139586449  0.5178223
7111.98185873032  0.6152156
7114.88232159615  0.8527388
7117.78278446198  1.26097
7120.68324732781  1.684032
7123.58371019364  1.741068
7126.48417305947  1.805081
7129.3846359253  1.872086
7132.28509879113  1.916303
7135.18556165696  2.164076
7138.08602452279  2.320997
7140.98648738862  2.205021
7143.88695025445  2.050565
7146.78741312028  1.548629
7149.68787598611  0.9637082
7152.58833885194  0.6738867
7155.48880171776  0.4946759
7158.3892645836  0.3774118
7161.28972744942  0.3457125
7164.19019031525  0.3973936
7167.09065318108  0.3719925
7169.99111604691  0.3278934
7172.89157891274  0.3635803
7175.79204177857  0.3648801
7178.6925046444  0.3790882
7181.59296751023  0.3629471
7184.49343037606  0.3320545
7187.39389324189  0.2747868
7190.29435610772  0.3208129
7193.19481897355  0.268028
7196.09528183938  0.2866729
7198.99574470521  0.3381976
7201.89620757104  0.3116346
7204.79667043687  0.3239412
7207.6971333027  0.3739429
7210.59759616852  0.4482519
7213.49805903435  0.3985347
7216.39852190018  0.4051365
7219.29898476601  0.358068
7222.19944763184  0.4532081
7225.09991049767  0.5487674
7228.0003733635  0.5668396
7230.90083622933  0.6146204
7233.80129909516  0.5754439
7236.70176196099  0.4625671
7239.60222482682  0.5613523
7242.50268769265  0.5780482
7245.40315055848  0.5620706
7248.30361342431  0.5650773
7251.20407629014  0.4859963
7254.10453915597  0.4006287
7257.0050020218  0.4033245
7259.90546488763  0.4733101
7262.80592775346  0.462707
7265.70639061928  0.4942311
7268.60685348512  0.6231843
7271.50731635094  0.6628593
7274.40777921677  0.6897753
7277.3082420826  0.5828328
7280.20870494843  0.6021707
7283.10916781426  0.5951974
7286.00963068009  0.5812275
7288.91009354592  0.6270979
7291.81055641175  0.479464
7294.71101927758  0.5650309
7297.61148214341  0.5819823
7300.51194500924  0.6066818
7303.41240787507  0.7101468
7306.3128707409  0.7274987
7309.21333360673  0.6512971
7312.11379647256  0.721111
7315.01425933839  0.7169625
7317.91472220422  0.7911946
7320.81518507004  0.9075341
7323.71564793587  0.8240474
7326.6161108017  0.8729361
7329.51657366753  0.8043495
7332.41703653336  0.8596216
7335.31749939919  0.8771431
7338.21796226502  0.744476
7341.11842513085  0.6961969
7344.01888799668  0.7233686
7346.91935086251  0.6301037
7349.81981372834  0.6972105
7352.72027659417  0.6672164
7355.62073946  0.4069035
7358.52120232583  0.537995
7361.42166519166  0.5798932
7364.32212805749  0.6153526
7367.22259092332  0.5839681
7370.12305378915  0.6818994
7373.02351665498  0.6818995
7375.92397952081  0.7482221
7378.82444238664  0.8137007
7381.72490525247  1.197151
7384.62536811829  1.137994
7387.52583098412  0.9183254
7390.42629384995  0.7115874
7393.32675671578  0.554356
7396.22721958161  0.6224411
7399.12768244744  0.6585667
7402.02814531327  0.574753
7404.9286081791  0.5313909
7407.82907104493  0.7679124
7410.72953391076  0.5841361
7413.62999677659  0.4808936
7416.53045964242  0.6976166
7419.43092250825  0.5760624
7422.33138537408  0.5174314
7425.23184823991  0.498601
7428.13231110574  0.6411049
7431.03277397156  0.5761864
7433.9332368374  0.5447497
7436.83369970322  0.637994
7439.73416256905  0.5326909
7442.63462543488  0.5910707
7445.53508830071  0.5722511
7448.43555116654  0.5687228
7451.33601403237  0.6895102
7454.2364768982  0.5997413
7457.13693976403  0.6762558
7460.03740262986  0.6310263
7462.93786549569  0.537774
7465.83832836152  0.3806257
7468.73879122735  0.6101711
7471.63925409318  0.6618559
7474.53971695901  0.6888857
7477.44017982484  0.7101855
7480.34064269067  0.6719193
7483.2411055565  0.6671302
7486.14156842232  0.6470369
7489.04203128816  0.6845369
7491.94249415399  0.7905251
7494.84295701981  0.9940974
7497.74341988564  1.26415
7500.64388275147  1.668835
7503.5443456173  1.839317
7506.44480848313  1.457599
7509.34527134896  1.379771
7512.24573421479  1.374183
7515.14619708062  1.44409
7518.04665994645  1.255664
7520.94712281228  1.06385
7523.84758567811  0.8258321
7526.74804854394  0.9406254
7529.64851140977  0.7422959
7532.5489742756  0.801047
7535.44943714143  0.7254563
7538.34990000726  0.7277449
7541.25036287308  0.7895846
7544.15082573891  0.6502959
7547.05128860474  0.5636209
7549.95175147057  0.7004972
7552.8522143364  0.6985002
7555.75267720223  0.6779605
7558.65314006806  0.5205835
7561.55360293389  0.7226096
7564.45406579972  0.7674583
7567.35452866555  0.682158
7570.25499153138  0.748753
7573.15545439721  0.6853092
7576.05591726304  0.7437757
7578.95638012887  0.687088
7581.8568429947  0.5842045
7584.75730586053  0.5215095
7587.65776872636  0.4271655
7590.55823159219  0.6451517
7593.45869445802  0.6497911
7596.35915732384  0.3091865
7599.25962018968  0.5554727
7602.1600830555  0.5217352
7605.06054592133  0.5019132
7607.96100878716  0.6795333
7610.86147165299  0.258929
7613.76193451882  0.4538771
7616.66239738465  0.435089
7619.56286025048  0.3605879
7622.46332311631  0.6361569
7625.36378598214  0.7974005
7628.26424884797  1.306772
7631.1647117138  1.307649
7634.06517457963  1.749102
7636.96563744546  1.136986
7639.86610031129  0.8303858
7642.76656317712  0.8124841
7645.66702604295  0.6613491
7648.56748890878  0.4419808
7651.4679517746  0.6423289
7654.36841464043  0.5620059
7657.26887750626  0.4938385
7660.16934037209  0.6358306
7663.06980323792  0.542085
7665.97026610375  0.7300565
7668.87072896958  0.8204184
7671.77119183541  0.8792573
7674.67165470124  0.9096935
7677.57211756707  0.577071
7680.4725804329  0.6995798
7683.37304329873  1.052376
7686.27350616456  0.8161871
7689.17396903039  0.7842348
7692.07443189622  0.8957972
7694.97489476205  0.9521409
7697.87535762788  0.8749031
7700.77582049371  1.009433
7703.67628335954  0.9389784
7706.57674622536  0.874345
7709.4772090912  1.100686
7712.37767195702  1.56565
7715.27813482285  1.701162
7718.17859768868  1.957746
7721.07906055451  2.586809
7723.97952342034  2.627323
7726.87998628617  2.26698
7729.780449152  1.809967
7732.68091201783  1.933386
7735.58137488366  1.731992
7738.48183774949  1.740483
7741.38230061532  1.588068
7744.28276348115  2.033583
7747.18322634698  1.787638
7750.08368921281  2.118679
7752.98415207864  2.155127
7755.88461494447  2.341221
7758.7850778103  2.337913
7761.68554067612  1.595654
7764.58600354195  1.275136
7767.48646640778  1.476328
7770.38692927361  1.462916
7773.28739213944  1.031413
7776.18785500527  0.8984808
7779.0883178711  0.8165533
7781.98878073693  1.088861
7784.88924360276  1.153169
7787.78970646859  1.19276
7790.69016933442  1.552231
7793.59063220025  1.222991
7796.49109506608  1.420524
7799.39155793191  1.158818
7802.29202079774  1.239221
7805.19248366357  1.270862
7808.0929465294  1.132792
7810.99340939523  1.317313
7813.89387226106  1.322511
7816.79433512688  1.292224
7819.69479799271  1.218164
7822.59526085854  1.5015
7825.49572372437  1.761139
7828.3961865902  1.275664
7831.29664945603  1.273235
7834.19711232186  1.130711
7837.09757518769  1.371368
7839.99803805352  1.462964
7842.89850091935  1.752176
7845.79896378518  1.291053
7848.69942665101  1.084329
7851.59988951684  1.422726
7854.50035238267  1.293845
7857.4008152485  1.304302
7860.30127811433  1.431561
7863.20174098016  1.518798
7866.10220384599  1.63717
7869.00266671182  1.628574
7871.90312957764  1.377766
7874.80359244347  1.237134
7877.7040553093  1.482561
7880.60451817513  1.812366
7883.50498104096  1.280987
7886.40544390679  1.441392
7889.30590677262  1.42114
7892.20636963845  1.785713
7895.10683250428  1.747046
