4066.09912109375  1.029506
4069.00090932847  1.023756
4071.90269756318  1.018087
4074.80448579789  1.012497
4077.7062740326  1.007622
4080.60806226731  1.046892
4083.50985050202  1.099151
4086.41163873673  1.024422
4089.31342697144  1.036805
4092.21521520615  0.9967246
4095.11700344086  1.017852
4098.01879167557  1.031913
4100.92057991028  1.03746
4103.82236814499  1.067166
4106.7241563797  1.057113
4109.62594461441  1.006979
4112.52773284913  1.019847
4115.42952108384  0.9608032
4118.33130931855  1.044605
4121.23309755326  0.975283
4124.13488578797  0.9877924
4127.03667402268  0.9689674
4129.93846225739  1.005016
4132.8402504921  1.05223
4135.74203872681  1.013599
4138.64382696152  1.009929
4141.54561519623  1.024068
4144.44740343094  1.059079
4147.34919166565  1.059637
4150.25097990037  1.006895
4153.15276813507  0.968425
4156.05455636979  0.9893209
4158.9563446045  1.003397
4161.85813283921  1.02185
4164.75992107392  1.009094
4167.66170930863  1.048713
4170.56349754334  1.019369
4173.46528577805  0.9868439
4176.36707401276  1.002858
4179.26886224747  0.9850384
4182.17065048218  0.9646755
4185.07243871689  0.9436006
4187.9742269516  0.9611769
4190.87601518631  0.9333465
4193.77780342103  0.9301898
4196.67959165574  0.9915768
4199.58137989045  0.9184396
4202.48316812516  0.87254
4205.38495635987  0.8430603
4208.28674459458  0.7684612
4211.18853282929  0.7175622
4214.090321064  0.6773534
4216.99210929871  0.6575567
4219.89389753342  0.6464477
4222.79568576813  0.5968358
4225.69747400284  0.5952098
4228.59926223755  0.5822389
4231.50105047226  0.5660889
4234.40283870698  0.6058901
4237.30462694169  0.6065367
4240.2064151764  0.6131793
4243.10820341111  0.6714588
4246.00999164582  0.7194762
4248.91177988053  0.7611916
4251.81356811524  0.7258244
4254.71535634995  0.7527588
4257.61714458466  0.721598
4260.51893281937  0.7282834
4263.42072105408  0.7675705
4266.32250928879  0.7398158
4269.2242975235  0.7516062
4272.12608575821  0.7563779
4275.02787399292  0.7509624
4277.92966222764  0.7592106
4280.83145046235  0.7684274
4283.73323869706  0.7580015
4286.63502693177  0.7663726
4289.53681516648  0.7464623
4292.43860340119  0.772907
4295.3403916359  0.7904474
4298.24217987061  0.7944338
4301.14396810532  0.7930974
4304.04575634003  0.8015367
4306.94754457474  0.8052014
4309.84933280945  0.8405406
4312.75112104416  0.8699039
4315.65290927887  0.893558
4318.55469751359  0.9058108
4321.45648574829  0.9531417
4324.35827398301  0.9543287
4327.26006221772  0.9253391
4330.16185045243  0.9570903
4333.06363868714  0.9608596
4335.96542692185  0.9601207
4338.86721515656  1.017207
4341.76900339127  1.0711
4344.67079162598  1.112216
4347.57257986069  1.119892
4350.4743680954  1.135546
4353.37615633011  1.15586
4356.27794456482  1.159204
4359.17973279953  1.195201
4362.08152103425  1.204254
4364.98330926896  1.181726
4367.88509750367  1.170338
4370.78688573838  1.077606
4373.68867397309  1.022119
4376.5904622078  0.9796469
4379.49225044251  0.9676898
4382.39403867722  0.9908209
4385.29582691193  0.9856252
4388.19761514664  0.9480324
4391.09940338135  0.9675284
4394.00119161606  1.010007
4396.90297985077  0.9836385
4399.80476808548  0.9979926
4402.7065563202  1.001198
4405.60834455491  0.998612
4408.51013278962  1.004272
4411.41192102433  1.031351
4414.31370925904  1.032363
4417.21549749375  1.032158
4420.11728572846  1.077365
4423.01907396317  1.08434
4425.92086219788  1.055233
4428.82265043259  1.054286
4431.7244386673  1.067935
4434.62622690201  1.070151
4437.52801513672  1.060346
4440.42980337143  1.067694
4443.33159160614  1.060688
4446.23337984085  1.080774
4449.13516807557  1.060583
4452.03695631028  1.07666
4454.93874454499  1.095607
4457.8405327797  1.105351
4460.74232101441  1.128418
4463.64410924912  1.133142
4466.54589748383  1.147282
4469.44768571854  1.173354
4472.34947395325  1.191712
4475.25126218796  1.197736
4478.15305042267  1.245581
4481.05483865738  1.251054
4483.95662689209  1.248029
4486.85841512681  1.236712
4489.76020336152  1.252551
4492.66199159623  1.243309
4495.56377983094  1.249923
4498.46556806565  1.237664
4501.36735630036  1.267206
4504.26914453507  1.272249
4507.17093276978  1.299125
4510.07272100449  1.310686
4512.9745092392  1.270444
4515.87629747391  1.263566
4518.77808570862  1.241687
4521.67987394333  1.226794
4524.58166217804  1.209872
4527.48345041275  1.185727
4530.38523864747  1.204894
4533.28702688218  1.169019
4536.18881511689  1.150354
4539.0906033516  1.172005
4541.99239158631  1.171915
4544.89417982102  1.197889
4547.79596805573  1.222063
4550.69775629044  1.258796
4553.59954452515  1.251775
4556.50133275986  1.26247
4559.40312099457  1.30124
4562.30490922928  1.300575
4565.20669746399  1.280589
4568.10848569871  1.294736
4571.01027393341  1.325625
4573.91206216813  1.299376
4576.81385040284  1.275179
4579.71563863755  1.252303
4582.61742687226  1.265217
4585.51921510697  1.253417
4588.42100334168  1.256908
4591.32279157639  1.240897
4594.2245798111  1.250223
4597.12636804581  1.273642
4600.02815628052  1.261223
4602.92994451523  1.268292
4605.83173274994  1.266251
4608.73352098465  1.261183
4611.63530921936  1.288024
4614.53709745408  1.259475
4617.43888568879  1.267095
4620.3406739235  1.269028
4623.24246215821  1.267243
4626.14425039292  1.239361
4629.04603862763  1.233625
4631.94782686234  1.223152
4634.84961509705  1.202165
4637.75140333176  1.195688
4640.65319156647  1.184889
4643.55497980118  1.180023
4646.45676803589  1.19073
4649.3585562706  1.188594
4652.26034450532  1.197844
4655.16213274003  1.196568
4658.06392097474  1.164707
4660.96570920945  1.173707
4663.86749744416  1.180611
4666.76928567887  1.177439
4669.67107391358  1.160476
4672.57286214829  1.140015
4675.474650383  1.126214
4678.37643861771  1.135103
4681.27822685242  1.138575
4684.18001508713  1.13225
4687.08180332184  1.119382
4689.98359155655  1.124153
4692.88537979126  1.12269
4695.78716802597  1.124359
4698.68895626069  1.14082
4701.5907444954  1.139383
4704.49253273011  1.121094
4707.39432096482  1.12445
4710.29610919953  1.113845
4713.19789743424  1.102832
4716.09968566895  1.11366
4719.00147390366  1.092255
4721.90326213837  1.092641
4724.80505037308  1.082519
4727.70683860779  1.086467
4730.6086268425  1.08286
4733.51041507721  1.062196
4736.41220331192  1.058061
4739.31399154664  1.068681
4742.21577978135  1.060986
4745.11756801606  1.051486
4748.01935625077  1.02796
4750.92114448548  1.004717
4753.82293272019  0.9929254
4756.7247209549  0.9658049
4759.62650918961  0.9400519
4762.52829742432  0.9027982
4765.43008565903  0.8599396
4768.33187389374  0.8261217
4771.23366212845  0.8033262
4774.13545036316  0.8041523
4777.03723859788  0.80072
4779.93902683259  0.8083947
4782.8408150673  0.819945
4785.74260330201  0.837687
4788.64439153672  0.8575377
4791.54617977143  0.869504
4794.44796800614  0.8914063
4797.34975624085  0.9025116
4800.25154447556  0.9055397
4803.15333271027  0.9170063
4806.05512094498  0.9065545
4808.95690917969  0.9159391
4811.8586974144  0.9131424
4814.76048564911  0.8962285
4817.66227388382  0.8851293
4820.56406211853  0.8862437
4823.46585035325  0.9009467
4826.36763858796  0.9008868
4829.26942682267  0.8867119
4832.17121505738  0.8848612
4835.07300329209  0.8939323
4837.9747915268  0.8912175
4840.87657976151  0.912024
4843.77836799622  0.914486
4846.68015623093  0.9116757
4849.58194446564  0.9061151
4852.48373270035  0.9123452
4855.38552093506  0.9125202
4858.28730916977  0.9063551
4861.18909740448  0.9175547
4864.0908856392  0.910989
4866.99267387391  0.9108028
4869.89446210862  0.9304917
4872.79625034333  0.9075735
4875.69803857804  0.9188044
4878.59982681275  0.9214766
4881.50161504746  0.9136997
4884.40340328217  0.9302642
4887.30519151688  0.9318893
4890.20697975159  0.9516498
4893.1087679863  0.9562796
4896.01055622101  0.9698046
4898.91234445572  0.9787074
4901.81413269043  0.9893526
4904.71592092514  0.9906849
4907.61770915986  0.9967912
4910.51949739457  1.007972
4913.42128562928  1.008372
4916.32307386399  1.023833
4919.2248620987  1.016254
4922.12665033341  1.019652
4925.02843856812  1.00982
4927.93022680283  1.010399
4930.83201503754  1.031667
4933.73380327225  1.034499
4936.63559150696  1.03503
4939.53737974167  1.036796
4942.43916797638  1.020639
4945.3409562111  0.9934368
4948.24274444581  0.9678536
4951.14453268052  0.9573341
4954.04632091523  0.9435369
4956.94810914994  0.9194113
4959.84989738465  0.8882563
4962.75168561936  0.8694056
4965.65347385407  0.8592842
4968.55526208878  0.8505662
4971.45705032349  0.8588483
4974.3588385582  0.8661374
4977.26062679291  0.8677604
4980.16241502762  0.8750695
4983.06420326233  0.8595846
4985.96599149704  0.8548017
4988.86777973176  0.8519633
4991.76956796646  0.8291494
4994.67135620118  0.8234716
4997.57314443589  0.8312795
5000.4749326706  0.8187023
5003.37672090531  0.8071616
5006.27850914002  0.7966993
5009.18029737473  0.784977
5012.08208560944  0.7904906
5014.98387384415  0.7919118
5017.88566207886  0.7981488
5020.78745031357  0.8055818
5023.68923854828  0.8108613
5026.59102678299  0.8043081
5029.49281501771  0.8074244
5032.39460325242  0.8048939
5035.29639148713  0.8080958
5038.19817972184  0.8042458
5041.09996795655  0.8051432
5044.00175619126  0.8056419
5046.90354442597  0.796558
5049.80533266068  0.8086401
5052.70712089539  0.8157882
5055.6089091301  0.80868
5058.51069736481  0.8081461
5061.41248559952  0.8006075
5064.31427383423  0.8008385
5067.21606206895  0.7977665
5070.11785030366  0.784331
5073.01963853837  0.7818631
5075.92142677308  0.7825246
5078.82321500779  0.7850971
5081.7250032425  0.7920653
5084.62679147721  0.788735
5087.52857971192  0.7837688
5090.43036794663  0.785049
5093.33215618134  0.7790351
5096.23394441605  0.7711451
5099.13573265076  0.7717012
5102.03752088547  0.7685308
5104.93930912018  0.7692553
5107.84109735489  0.7650196
5110.7428855896  0.7647071
5113.64467382432  0.7640422
5116.54646205903  0.75662
5119.44825029374  0.768927
5122.35003852845  0.7767398
5125.25182676316  0.7705433
5128.15361499787  0.7737081
5131.05540323258  0.7745603
5133.95719146729  0.7730977
5136.858979702  0.775503
5139.76076793671  0.7754722
5142.66255617142  0.7764197
5145.56434440613  0.7839651
5148.46613264084  0.7923807
5151.36792087555  0.7779642
5154.26970911027  0.77094
5157.17149734498  0.7515072
5160.07328557969  0.7277869
5162.9750738144  0.7227595
5165.87686204911  0.708596
5168.77865028382  0.6795835
5171.68043851853  0.6541712
5174.58222675324  0.6311963
5177.48401498795  0.6339609
5180.38580322266  0.6503192
5183.28759145737  0.6762224
5186.18937969208  0.7080768
5189.09116792679  0.7287605
5191.9929561615  0.7340404
5194.89474439622  0.7286771
5197.79653263093  0.7334468
5200.69832086564  0.7462618
5203.60010910035  0.7622508
5206.50189733506  0.7880077
5209.40368556977  0.7917974
5212.30547380448  0.8075389
5215.20726203919  0.8436104
5218.1090502739  0.8859766
5221.01083850861  0.944024
5223.91262674332  0.9698107
5226.81441497803  0.9795477
5229.71620321274  0.9890529
5232.61799144745  0.9908492
5235.51977968217  0.9970357
5238.42156791688  1.002566
5241.32335615159  1.002277
5244.2251443863  1.001379
5247.12693262101  0.9901884
5250.02872085572  0.9711655
5252.93050909043  0.9491975
5255.83229732514  0.9278976
5258.73408555985  0.9219445
5261.63587379456  0.9120255
5264.53766202927  0.9052451
5267.43945026398  0.9068117
5270.34123849869  0.9122747
5273.2430267334  0.9219893
5276.14481496812  0.9495675
5279.04660320283  0.9779226
5281.94839143754  0.999557
5284.85017967225  1.020986
5287.75196790696  1.011564
5290.65375614167  1.014145
5293.55554437638  1.02904
5296.45733261109  1.032348
5299.3591208458  1.031131
5302.26090908051  1.026804
5305.16269731522  1.030689
5308.06448554993  1.053914
5310.96627378464  1.058649
5313.86806201935  1.038153
5316.76985025406  1.018054
5319.67163848878  1.024678
5322.57342672349  1.012604
5325.4752149582  1.006621
5328.37700319291  0.9973397
5331.27879142762  0.9857058
5334.18057966233  0.9961585
5337.08236789704  0.9982651
5339.98415613175  1.036211
5342.88594436646  1.049599
5345.78773260117  1.076493
5348.68952083588  1.086418
5351.59130907059  1.094037
5354.4930973053  1.09822
5357.39488554001  1.109931
5360.29667377473  1.110134
5363.19846200944  1.122316
5366.10025024415  1.121924
5369.00203847886  1.11905
5371.90382671357  1.116078
5374.80561494828  1.117577
5377.70740318299  1.133015
5380.6091914177  1.133693
5383.51097965241  1.148096
5386.41276788712  1.139267
5389.31455612183  1.138186
5392.21634435654  1.118015
5395.11813259125  1.106959
5398.01992082596  1.094349
5400.92170906067  1.083152
5403.82349729539  1.101744
5406.7252855301  1.108405
5409.62707376481  1.114106
5412.52886199952  1.137187
5415.43065023423  1.131786
5418.33243846894  1.139206
5421.23422670365  1.150343
5424.13601493836  1.15863
5427.03780317307  1.14879
5429.93959140778  1.142632
5432.84137964249  1.131373
5435.7431678772  1.104744
5438.64495611191  1.090722
5441.54674434662  1.082671
5444.44853258134  1.076445
5447.35032081605  1.078213
5450.25210905076  1.064685
5453.15389728547  1.043862
5456.05568552018  1.03451
5458.95747375489  1.038712
5461.8592619896  1.053955
5464.76105022431  1.048824
5467.66283845902  1.073104
5470.56462669373  1.061423
5473.46641492844  1.054722
5476.36820316315  1.056898
5479.26999139786  1.061351
5482.17177963257  1.059594
5485.07356786728  1.045344
5487.975356102  1.055929
5490.87714433671  1.046021
5493.77893257142  1.040251
5496.68072080613  1.031097
5499.58250904084  1.015144
5502.48429727555  1.014181
5505.38608551026  1.000711
5508.28787374497  1.007373
5511.18966197968  1.008556
5514.09145021439  1.010927
5516.9932384491  1.023873
5519.89502668381  1.038313
5522.79681491852  1.043228
5525.69860315324  1.054221
5528.60039138795  1.065757
5531.50217962266  1.066816
5534.40396785737  1.069131
5537.30575609208  1.067605
5540.20754432679  1.061462
5543.1093325615  1.074025
5546.01112079621  1.074751
5548.91290903092  1.069499
5551.81469726563  1.072524
5554.71648550034  1.068753
5557.61827373505  1.070906
5560.52006196976  1.068425
5563.42185020447  1.06915
5566.32363843918  1.076176
5569.2254266739  1.065801
5572.12721490861  1.060661
5575.02900314332  1.053224
5577.93079137803  1.045604
5580.83257961274  1.037539
5583.73436784745  1.023506
5586.63615608216  1.003736
5589.53794431687  0.9824256
5592.43973255158  0.9669253
5595.34152078629  0.958322
5598.243309021  0.9622285
5601.14509725571  0.9657754
5604.04688549042  0.9653978
5606.94867372513  0.9698271
5609.85046195984  0.978757
5612.75225019456  0.9933009
5615.65403842927  0.9987742
5618.55582666398  0.9906978
5621.45761489869  0.9904439
5624.3594031334  0.9991136
5627.26119136811  1.002601
5630.16297960282  1.008699
5633.06476783753  1.008821
5635.96655607224  1.018204
5638.86834430695  1.023811
5641.77013254166  1.032106
5644.67192077637  1.0277
5647.57370901108  1.035992
5650.4754972458  1.044925
5653.3772854805  1.041304
5656.27907371522  1.039919
5659.18086194993  1.044559
5662.08265018464  1.040969
5664.98443841935  1.034302
5667.88622665406  1.036936
5670.78801488877  1.038011
5673.68980312348  1.041357
5676.59159135819  1.037483
5679.4933795929  1.044425
5682.39516782761  1.051825
5685.29695606232  1.05607
5688.19874429703  1.056909
5691.10053253174  1.050811
5694.00232076645  1.058576
5696.90410900117  1.067764
5699.80589723588  1.06653
5702.70768547059  1.06438
5705.6094737053  1.067135
5708.51126194001  1.06928
5711.41305017472  1.069419
5714.31483840943  1.065423
5717.21662664414  1.067435
5720.11841487885  1.076661
5723.02020311356  1.081302
5725.92199134827  1.081416
5728.82377958298  1.081277
5731.72556781769  1.092979
5734.6273560524  1.091689
5737.52914428712  1.096021
5740.43093252183  1.107888
5743.33272075654  1.108737
5746.23450899125  1.11936
5749.13629722596  1.113656
5752.03808546067  1.112043
5754.93987369538  1.120477
5757.84166193009  1.115467
5760.7434501648  1.106627
5763.64523839951  1.103112
5766.54702663422  1.093846
5769.44881486893  1.081428
5772.35060310365  1.082953
5775.25239133835  1.087173
5778.15417957306  1.092918
5781.05596780778  1.096152
5783.95775604249  1.09281
5786.8595442772  1.104031
5789.76133251191  1.11197
5792.66312074662  1.124133
5795.56490898133  1.13631
5798.46669721604  1.13435
5801.36848545075  1.138663
5804.27027368546  1.134197
5807.17206192017  1.124527
5810.07385015488  1.11478
5812.97563838959  1.106604
5815.8774266243  1.096638
5818.77921485902  1.09371
5821.68100309372  1.090178
5824.58279132844  1.087815
5827.48457956315  1.092583
5830.38636779786  1.092794
5833.28815603257  1.090837
5836.18994426728  1.09258
5839.09173250199  1.084709
5841.9935207367  1.0655
5844.89530897141  1.052126
5847.79709720612  1.042811
5850.69888544083  1.02859
5853.60067367554  1.014209
5856.50246191025  0.9856752
5859.40425014496  0.9631748
5862.30603837968  0.9449215
5865.20782661439  0.9311382
5868.1096148491  0.9099242
5871.01140308381  0.8789023
5873.91319131852  0.8296658
5876.81497955323  0.7741717
5879.71676778794  0.7172041
5882.61855602265  0.6604986
5885.52034425736  0.6214578
5888.42213249207  0.594864
5891.32392072678  0.576439
5894.22570896149  0.5784991
5897.1274971962  0.5898873
5900.02928543091  0.6250884
5902.93107366563  0.6798234
5905.83286190033  0.7291701
5908.73465013505  0.7802182
5911.63643836976  0.8105592
5914.53822660447  0.8394186
5917.44001483918  0.8540875
5920.34180307389  0.8676381
5923.2435913086  0.8706024
5926.14537954331  0.8864832
5929.04716777802  0.8960842
5931.94895601273  0.9065126
5934.85074424744  0.9121927
5937.75253248215  0.9197235
5940.65432071686  0.9230111
5943.55610895157  0.9203286
5946.45789718629  0.9170895
5949.359685421  0.9162216
5952.26147365571  0.9177247
5955.16326189042  0.9213809
5958.06505012513  0.9177095
5960.96683835984  0.9193511
5963.86862659455  0.9162412
5966.77041482926  0.9292488
5969.67220306397  0.9284992
5972.57399129868  0.9361457
5975.47577953339  0.9454481
5978.3775677681  0.9450542
5981.27935600281  0.9595235
5984.18114423752  0.9675202
5987.08293247223  0.9684231
5989.98472070695  0.979142
5992.88650894166  0.9838508
5995.78829717637  0.9818428
5998.69008541108  0.9921094
6001.59187364579  0.9932759
6004.4936618805  0.9909587
6007.39545011521  0.9915724
6010.29723834992  0.9925437
6013.19902658463  0.9988347
6016.10081481934  1.003011
6019.00260305405  1.011207
6021.90439128876  1.017385
6024.80617952347  1.027625
6027.70796775819  1.023328
6030.60975599289  1.038938
6033.51154422761  1.045536
6036.41333246232  1.054048
6039.31512069703  1.050696
6042.21690893174  1.054056
6045.11869716645  1.061141
6048.02048540116  1.05967
6050.92227363587  1.065619
6053.82406187058  1.065442
6056.72585010529  1.067218
6059.62763834  1.073189
6062.52942657471  1.074754
6065.43121480942  1.070599
6068.33300304413  1.067756
6071.23479127885  1.071694
6074.13657951356  1.068928
6077.03836774827  1.072915
6079.94015598298  1.074217
6082.84194421769  1.074713
6085.7437324524  1.079697
6088.64552068711  1.071933
6091.54730892182  1.06057
6094.44909715653  1.068725
6097.35088539124  1.07607
6100.25267362595  1.08401
6103.15446186066  1.067465
6106.05625009537  1.048557
6108.95803833008  1.046592
6111.85982656479  1.050201
6114.76161479951  1.055952
6117.66340303422  1.060275
6120.56519126893  1.054025
6123.46697950364  1.048791
6126.36876773835  1.038623
6129.27055597306  1.046142
6132.17234420777  1.061034
6135.07413244248  1.075968
6137.97592067719  1.070356
6140.8777089119  1.07273
6143.77949714661  1.054389
6146.68128538132  1.024033
6149.58307361603  0.9929632
6152.48486185075  0.9585172
6155.38665008545  0.9240817
6158.28843832017  0.8973622
6161.19022655488  0.8637795
6164.09201478959  0.8441746
6166.9938030243  0.8234357
6169.89559125901  0.822655
6172.79737949372  0.8280054
6175.69916772843  0.8332456
6178.60095596314  0.8461359
6181.50274419785  0.8465897
6184.40453243256  0.8442006
6187.30632066727  0.8422811
6190.20810890198  0.8338826
6193.1098971367  0.8296389
6196.0116853714  0.8215548
6198.91347360612  0.813549
6201.81526184083  0.8151577
6204.71705007554  0.8101166
6207.61883831025  0.8067886
6210.52062654496  0.7982328
6213.42241477967  0.7845596
6216.32420301438  0.7641252
6219.22599124909  0.7482395
6222.1277794838  0.7355825
6225.02956771851  0.7287154
6227.93135595322  0.7271144
6230.83314418793  0.7265808
6233.73493242264  0.7277886
6236.63672065735  0.7357485
6239.53850889207  0.7441581
6242.44029712678  0.746138
6245.34208536149  0.7484491
6248.2438735962  0.7591707
6251.14566183091  0.7692372
6254.04745006562  0.7759473
6256.94923830033  0.7859574
6259.85102653504  0.7935826
6262.75281476975  0.787729
6265.65460300446  0.7954619
6268.55639123917  0.8105817
6271.45817947388  0.8167124
6274.35996770859  0.8255555
6277.2617559433  0.8267875
6280.16354417801  0.8335088
6283.06533241273  0.8344768
6285.96712064744  0.8419241
6288.86890888215  0.8563262
6291.77069711686  0.8679533
6294.67248535157  0.8824086
6297.57427358628  0.8866507
6300.47606182099  0.8922964
6303.3778500557  0.905019
6306.27963829041  0.9186555
6309.18142652512  0.9279695
6312.08321475983  0.940419
6314.98500299454  0.9547024
6317.88679122926  0.9606779
6320.78857946396  0.9687161
6323.69036769868  0.9725415
6326.59215593339  0.9842643
6329.4939441681  0.9952161
6332.39573240281  0.9968352
6335.29752063752  1.003028
6338.19930887223  1.013824
6341.10109710694  1.01498
6344.00288534165  1.010492
6346.90467357636  1.008301
6349.80646181107  1.011194
6352.70825004578  1.000888
6355.61003828049  0.9972417
6358.5118265152  0.9909486
6361.41361474991  0.9761033
6364.31540298463  0.9656525
6367.21719121934  0.9510356
6370.11897945405  0.9375659
6373.02076768876  0.9355188
6375.92255592347  0.9258499
6378.82434415818  0.9208905
6381.72613239289  0.9211934
6384.6279206276  0.9133088
6387.52970886231  0.9207316
6390.43149709702  0.9297262
6393.33328533173  0.9423429
6396.23507356644  0.9665351
6399.13686180115  0.9786195
6402.03865003586  0.9953691
6404.94043827057  1.008537
6407.84222650529  1.01991
6410.74401474  1.03224
6413.64580297471  1.032693
6416.54759120942  1.041387
6419.44937944413  1.040129
6422.35116767884  1.03686
6425.25295591355  1.03234
6428.15474414826  1.025792
6431.05653238297  1.037819
6433.95832061768  1.047774
6436.86010885239  1.044595
6439.7618970871  1.039533
6442.66368532181  1.043982
6445.56547355652  1.050398
6448.46726179124  1.041319
6451.36905002595  1.048425
6454.27083826066  1.058044
6457.17262649537  1.053884
6460.07441473008  1.055072
6462.97620296479  1.05988
6465.8779911995  1.054281
6468.77977943421  1.058807
6471.68156766892  1.060388
6474.58335590363  1.06732
6477.48514413834  1.058277
6480.38693237305  1.046266
6483.28872060776  1.046572
6486.19050884247  1.046553
6489.09229707718  1.048067
6491.9940853119  1.049304
6494.89587354661  1.05006
6497.79766178132  1.047448
6500.69945001603  1.053532
6503.60123825074  1.059024
6506.50302648545  1.073269
6509.40481472016  1.090504
6512.30660295487  1.100058
6515.20839118958  1.108963
6518.11017942429  1.108025
6521.011967659  1.112004
6523.91375589371  1.118012
6526.81554412842  1.13159
6529.71733236313  1.137392
6532.61912059785  1.137299
6535.52090883256  1.136534
6538.42269706727  1.126415
6541.32448530198  1.120635
6544.22627353669  1.11783
6547.1280617714  1.108166
6550.02985000611  1.090142
6552.93163824082  1.084813
6555.83342647553  1.084042
6558.73521471024  1.066084
6561.63700294495  1.061736
6564.53879117966  1.06325
6567.44057941437  1.061663
6570.34236764908  1.061585
6573.2441558838  1.061008
6576.14594411851  1.060079
6579.04773235322  1.066178
6581.94952058793  1.070217
6584.85130882264  1.068218
6587.75309705735  1.075833
6590.65488529206  1.076219
6593.55667352677  1.072201
6596.45846176148  1.072999
6599.36024999619  1.079192
6602.2620382309  1.077802
6605.16382646561  1.064112
6608.06561470032  1.066565
6610.96740293503  1.066703
6613.86919116975  1.055804
6616.77097940446  1.054026
6619.67276763916  1.070157
6622.57455587388  1.074873
6625.47634410859  1.045768
6628.3781323433  1.030668
6631.27992057801  1.029879
6634.18170881272  1.017738
6637.08349704743  1.018355
6639.98528528214  1.006699
6642.88707351685  0.9972757
6645.78886175156  0.997896
6648.69064998627  0.9869837
6651.59243822098  0.9811721
6654.49422645569  0.9743447
6657.39601469041  0.9657901
6660.29780292512  0.964583
6663.19959115983  0.9541006
6666.10137939454  0.9438937
6669.00316762925  0.9348095
6671.90495586396  0.9351502
6674.80674409867  0.9381778
6677.70853233338  0.9205201
6680.61032056809  0.9160396
6683.5121088028  0.9072482
6686.41389703751  0.8965036
6689.31568527222  0.892056
6692.21747350693  0.8907927
6695.11926174164  0.889805
6698.02104997636  0.8879849
6700.92283821107  0.8754491
6703.82462644578  0.8682477
6706.72641468049  0.8636931
6709.6282029152  0.8568247
6712.52999114991  0.8507016
6715.43177938462  0.835166
6718.33356761933  0.8276375
6721.23535585404  0.8128832
6724.13714408875  0.8085327
6727.03893232346  0.803109
6729.94072055817  0.8103296
6732.84250879288  0.8068021
6735.74429702759  0.8074537
6738.64608526231  0.8029352
6741.54787349702  0.7986042
6744.44966173173  0.8057432
6747.35144996644  0.7988068
6750.25323820115  0.79467
6753.15502643586  0.7977661
6756.05681467057  0.7912469
6758.95860290528  0.7925879
6761.86039113999  0.7945545
6764.7621793747  0.7950281
6767.66396760941  0.7875322
6770.56575584412  0.7858279
6773.46754407883  0.7799905
6776.36933231354  0.7728013
6779.27112054825  0.7753139
6782.17290878297  0.7637257
6785.07469701767  0.7619631
6787.97648525239  0.7553107
6790.8782734871  0.741949
6793.78006172181  0.7438523
6796.68184995652  0.7448255
6799.58363819123  0.7437181
6802.48542642594  0.7430462
6805.38721466065  0.7386755
6808.28900289536  0.7349147
6811.19079113007  0.7387777
6814.09257936478  0.7338351
6816.99436759949  0.7319151
6819.8961558342  0.7336629
6822.79794406892  0.733434
6825.69973230362  0.7291078
6828.60152053834  0.7324341
6831.50330877305  0.7339379
6834.40509700776  0.7273645
6837.30688524247  0.7208568
6840.20867347718  0.7221546
6843.11046171189  0.7149625
6846.0122499466  0.7140508
6848.91403818131  0.7032841
6851.81582641602  0.6858353
6854.71761465073  0.6655896
6857.61940288544  0.6444902
6860.52119112015  0.63113
6863.42297935486  0.6195384
6866.32476758957  0.6134049
6869.22655582429  0.6067398
6872.128344059  0.5893673
6875.03013229371  0.5855547
6877.93192052842  0.5851853
6880.83370876313  0.5981904
6883.73549699784  0.6126922
6886.63728523255  0.6253322
6889.53907346726  0.6308218
6892.44086170197  0.6414101
6895.34264993668  0.6450481
6898.24443817139  0.6516851
6901.1462264061  0.6653017
6904.04801464081  0.6693001
6906.94980287553  0.6784905
6909.85159111023  0.6901734
6912.75337934495  0.7029448
6915.65516757966  0.7147781
6918.55695581437  0.7246736
6921.45874404908  0.7342206
6924.36053228379  0.7371381
6927.2623205185  0.7417145
6930.16410875321  0.7536681
6933.06589698792  0.7693741
6935.96768522263  0.7754576
6938.86947345734  0.7795928
6941.77126169205  0.7861927
6944.67304992676  0.7904164
6947.57483816148  0.7952019
6950.47662639618  0.8016868
6953.3784146309  0.8152211
6956.28020286561  0.8290665
6959.18199110032  0.8277599
6962.08377933503  0.837587
6964.98556756974  0.8430642
6967.88735580445  0.8440715
6970.78914403916  0.8456641
6973.69093227387  0.8492439
6976.59272050858  0.834805
6979.49450874329  0.8382897
6982.396296978  0.8370303
6985.29808521271  0.832813
6988.19987344742  0.8351377
6991.10166168213  0.8352596
6994.00344991684  0.8273745
6996.90523815156  0.8423917
6999.80702638627  0.836346
7002.70881462098  0.8468929
7005.61060285569  0.8495408
7008.5123910904  0.8474581
7011.41417932511  0.8565968
7014.31596755982  0.8612642
7017.21775579453  0.8725346
7020.11954402924  0.880036
7023.02133226395  0.8889229
7025.92312049866  0.8990808
7028.82490873338  0.9104866
7031.72669696808  0.9253961
7034.6284852028  0.9320778
7037.53027343751  0.9368502
7040.43206167222  0.9411358
7043.33384990693  0.9316737
7046.23563814164  0.9205072
7049.13742637635  0.9192137
7052.03921461106  0.9032621
7054.94100284577  0.8991311
7057.84279108048  0.8716314
7060.74457931519  0.8611093
7063.6463675499  0.860468
7066.54815578461  0.8573172
7069.44994401932  0.8533844
7072.35173225403  0.8452085
7075.25352048874  0.8442035
7078.15530872346  0.8396062
7081.05709695817  0.8291566
7083.95888519288  0.8206564
7086.86067342759  0.811079
7089.7624616623  0.8016527
7092.66424989701  0.7870031
7095.56603813172  0.7857769
7098.46782636643  0.7848598
7101.36961460114  0.7859297
7104.27140283585  0.7915232
7107.17319107056  0.7943043
7110.07497930527  0.7926333
7112.97676753998  0.7817968
7115.87855577469  0.7735485
7118.78034400941  0.7737101
7121.68213224412  0.7609099
7124.58392047883  0.747001
7127.48570871354  0.7331837
7130.38749694825  0.7169654
7133.28928518296  0.702598
7136.19107341767  0.6915575
7139.09286165238  0.6873438
7141.99464988709  0.6890992
7144.8964381218  0.6935808
7147.79822635651  0.6995893
7150.70001459122  0.7009217
7153.60180282593  0.6940356
7156.50359106064  0.6842659
7159.40537929536  0.6774147
7162.30716753007  0.6749283
7165.20895576478  0.667013
7168.11074399949  0.6554278
7171.0125322342  0.6389243
7173.91432046891  0.6264632
7176.81610870362  0.6237525
7179.71789693833  0.6135116
7182.61968517304  0.6056914
7185.52147340775  0.6030979
7188.42326164246  0.6037108
7191.32504987717  0.6092522
7194.22683811188  0.6092571
7197.12862634659  0.6246523
7200.0304145813  0.6396295
7202.93220281602  0.6520861
7205.83399105073  0.6652327
7208.73577928544  0.6751195
7211.63756752015  0.6974083
7214.53935575486  0.7118878
7217.44114398957  0.7253219
7220.34293222428  0.7312981
7223.24472045899  0.7361546
7226.1465086937  0.735857
7229.04829692841  0.7266851
7231.95008516312  0.7255247
7234.85187339783  0.718744
7237.75366163255  0.7090662
7240.65544986725  0.7108672
7243.55723810196  0.7099519
7246.45902633668  0.7161127
7249.36081457139  0.7232465
7252.2626028061  0.7295069
7255.16439104081  0.7342734
7258.06617927552  0.7370994
7260.96796751023  0.7454443
7263.86975574494  0.7478974
7266.77154397965  0.7532004
7269.67333221436  0.769074
7272.57512044907  0.7784874
7275.47690868378  0.7775457
7278.37869691849  0.7752549
7281.2804851532  0.782584
7284.18227338791  0.7905669
7287.08406162262  0.7936924
7289.98584985734  0.7991707
7292.88763809205  0.8052229
7295.78942632676  0.8015674
7298.69121456147  0.8027695
7301.59300279618  0.8141803
7304.49479103089  0.8276004
7307.3965792656  0.8383841
7310.29836750031  0.8414335
7313.20015573502  0.8526265
7316.10194396973  0.8470864
7319.00373220444  0.8684923
7321.90552043915  0.8811657
7324.80730867386  0.8989838
7327.70909690858  0.9117758
7330.61088514329  0.9139217
7333.512673378  0.9231658
7336.41446161271  0.9291825
7339.31624984742  0.9309512
7342.21803808213  0.9389753
7345.11982631684  0.9380726
7348.02161455155  0.9345248
7350.92340278626  0.9368314
7353.82519102097  0.9481196
7356.72697925568  0.9442129
7359.62876749039  0.9411056
7362.5305557251  0.9526994
7365.43234395981  0.9587202
7368.33413219453  0.9597541
7371.23592042924  0.9734335
7374.13770866395  0.9751916
7377.03949689866  0.9900877
7379.94128513337  1.006115
7382.84307336808  1.004818
7385.74486160279  1.010063
7388.6466498375  1.009537
7391.54843807221  1.001726
7394.45022630692  1.00067
7397.35201454163  0.9992
7400.25380277634  1.006121
7403.15559101105  1.008792
7406.05737924576  1.01274
7408.95916748047  1.022467
7411.86095571519  1.023809
7414.7627439499  1.023241
7417.66453218461  1.031906
7420.56632041932  1.033267
7423.46810865403  1.027115
7426.36989688874  1.031341
7429.27168512345  1.04327
7432.17347335816  1.039489
7435.07526159287  1.037655
7437.97704982758  1.048591
7440.87883806229  1.051586
7443.780626297  1.045049
7446.68241453171  1.04709
7449.58420276642  1.043752
7452.48599100114  1.047616
7455.38777923585  1.053049
7458.28956747056  1.05058
7461.19135570527  1.053358
7464.09314393998  1.057967
7466.99493217469  1.066869
7469.8967204094  1.066822
7472.79850864411  1.060418
7475.70029687882  1.062733
7478.60208511353  1.069008
7481.50387334824  1.067227
7484.40566158295  1.068676
7487.30744981766  1.066248
7490.20923805237  1.069457
7493.11102628709  1.067298
7496.0128145218  1.077686
7498.91460275651  1.086381
7501.81639099122  1.091453
7504.71817922593  1.094325
7507.61996746064  1.094656
7510.52175569535  1.090314
7513.42354393006  1.098031
7516.32533216477  1.087081
7519.22712039948  1.09584
7522.12890863419  1.091869
7525.0306968689  1.08447
7527.93248510362  1.091547
7530.83427333832  1.099417
7533.73606157303  1.099765
7536.63784980775  1.093175
7539.53963804246  1.100951
7542.44142627717  1.09248
7545.34321451188  1.102002
7548.24500274659  1.104872
7551.1467909813  1.110381
7554.04857921601  1.106051
7556.95036745072  1.096546
7559.85215568543  1.09625
7562.75394392014  1.106858
7565.65573215485  1.106486
7568.55752038956  1.09931
7571.45930862427  1.090059
7574.36109685898  1.074264
7577.26288509369  1.037556
7580.16467332841  0.9913927
7583.06646156312  0.9186724
7585.96824979783  0.8525917
7588.87003803254  0.7800728
7591.77182626725  0.7086289
7594.67361450196  0.6379576
7597.57540273667  0.5707321
7600.47719097138  0.5156083
7603.37897920609  0.4810146
7606.2807674408  0.4568497
7609.18255567551  0.4371574
7612.08434391022  0.445133
7614.98613214493  0.4626093
7617.88792037965  0.4919948
7620.78970861436  0.5353693
7623.69149684907  0.5662702
7626.59328508378  0.5744436
7629.49507331849  0.5831504
7632.3968615532  0.5969
7635.29864978791  0.602833
7638.20043802262  0.6127717
7641.10222625733  0.6264663
7644.00401449204  0.6548703
7646.90580272675  0.6735685
7649.80759096146  0.7036742
7652.70937919617  0.7263176
7655.61116743088  0.7516267
7658.5129556656  0.7902742
7661.4147439003  0.8111123
7664.31653213502  0.8509702
7667.21832036973  0.8459691
7670.12010860444  0.8611235
7673.02189683915  0.8764981
7675.92368507386  0.9028934
7678.82547330857  0.908655
7681.72726154328  0.9221544
7684.62904977799  0.9312083
7687.5308380127  0.936567
7690.43262624741  0.9412121
7693.33441448212  0.9435309
7696.23620271683  0.9557021
7699.13799095154  0.9598171
7702.03977918626  0.9515492
7704.94156742097  0.9521452
7707.84335565568  0.9601187
7710.74514389039  0.973094
7713.6469321251  0.9795733
7716.54872035981  0.9990973
7719.45050859452  1.010038
7722.35229682923  1.022984
7725.25408506394  1.015182
7728.15587329865  1.022725
7731.05766153336  1.01045
7733.95944976807  1.016477
7736.86123800278  1.005771
7739.76302623749  0.9987186
7742.66481447221  0.9973169
7745.56660270692  0.9900981
7748.46839094163  0.9920008
7751.37017917634  0.9929993
7754.27196741105  0.9848433
7757.17375564576  0.9855546
7760.07554388047  0.9934249
7762.97733211518  0.9837591
7765.87912034989  0.9860963
7768.7809085846  0.9857288
7771.68269681931  0.9893782
7774.58448505402  0.9851125
7777.48627328873  0.978094
7780.38806152344  0.9838902
7783.28984975815  0.9900868
7786.19163799286  0.9895406
7789.09342622758  0.9864908
7791.99521446229  0.9916706
7794.897002697  0.9897073
7797.79879093171  0.9973909
7800.70057916642  0.9886469
7803.60236740113  1.001644
7806.50415563584  1.001651
7809.40594387055  0.9933919
7812.30773210526  0.9967246
7815.20952033997  1.001602
7818.11130857468  0.9920225
7821.01309680939  0.9871629
7823.9148850441  0.9917436
7826.81667327882  0.9934739
7829.71846151353  0.9902278
7832.62024974824  0.9760458
7835.52203798295  0.9773002
7838.42382621766  0.9875709
7841.32561445237  0.9787309
7844.22740268708  0.9775277
7847.12919092179  0.9821631
7850.0309791565  0.9885514
7852.93276739121  0.984678
7855.83455562592  0.9813477
7858.73634386063  0.9812114
7861.63813209534  0.9885085
7864.53992033005  0.9825161
7867.44170856476  0.9831921
7870.34349679948  0.9819383
7873.24528503419  0.9741089
7876.1470732689  0.9689616
7879.04886150361  0.9631748
7881.95064973832  0.9697624
7884.85243797303  0.9697076
7887.75422620774  0.9584779
7890.65601444245  0.9573317
7893.55780267716  0.9609016
7896.45959091187  0.9601876
