4065.96826171876  1.096864
4068.8698334694  1.085958
4071.77140522004  1.07531
4074.67297697068  1.064915
4077.57454872132  1.054759
4080.47612047196  1.054309
4083.3776922226  1.065596
4086.27926397324  1.06869
4089.18083572388  1.083132
4092.08240747452  1.129033
4094.98397922516  1.146991
4097.8855509758  1.085373
4100.78712272644  1.083012
4103.68869447709  1.110938
4106.59026622773  1.097046
4109.49183797837  1.018418
4112.39340972901  1.035004
4115.29498147965  1.001031
4118.19655323029  1.042736
4121.09812498093  1.030337
4123.99969673157  0.9924118
4126.90126848221  0.955924
4129.80284023285  0.9548845
4132.7044119835  0.9557201
4135.60598373414  0.9643232
4138.50755548478  0.9704543
4141.40912723542  0.9488309
4144.31069898606  0.9364324
4147.2122707367  0.9979076
4150.11384248734  0.9641218
4153.01541423798  0.9261228
4155.91698598862  0.921883
4158.81855773926  0.9385503
4161.7201294899  0.9171901
4164.62170124054  0.9145924
4167.52327299119  0.9188827
4170.42484474183  0.9337364
4173.32641649247  0.9602715
4176.22798824311  0.9357108
4179.12955999375  0.9106336
4182.03113174439  0.8801521
4184.93270349503  0.859688
4187.83427524567  0.8858235
4190.73584699631  0.8919693
4193.63741874695  0.9102752
4196.53899049759  0.887876
4199.44056224823  0.8647436
4202.34213399888  0.8836941
4205.24370574952  0.8273367
4208.14527750016  0.7678522
4211.0468492508  0.7498189
4213.94842100144  0.775206
4216.84999275208  0.7721881
4219.75156450272  0.7512733
4222.65313625336  0.7582664
4225.554708004  0.7740188
4228.45627975464  0.7480931
4231.35785150528  0.7201902
4234.25942325592  0.6977043
4237.16099500657  0.6878051
4240.06256675721  0.7192397
4242.96413850785  0.753664
4245.86571025849  0.7833467
4248.76728200913  0.820504
4251.66885375977  0.802191
4254.57042551041  0.7512181
4257.47199726105  0.7286686
4260.37356901169  0.7353382
4263.27514076233  0.7579451
4266.17671251297  0.7505223
4269.07828426362  0.7500908
4271.97985601426  0.7305284
4274.8814277649  0.7320871
4277.78299951554  0.734557
4280.68457126618  0.7284786
4283.58614301682  0.6684353
4286.48771476746  0.6994857
4289.3892865181  0.6777539
4292.29085826874  0.669424
4295.19243001938  0.6707802
4298.09400177002  0.7057984
4300.99557352066  0.7045389
4303.89714527131  0.7241023
4306.79871702195  0.7485144
4309.70028877259  0.7348062
4312.60186052323  0.7782494
4315.50343227387  0.8320512
4318.40500402451  0.8526089
4321.30657577515  0.8819966
4324.20814752579  0.9173636
4327.10971927643  0.9223301
4330.01129102707  0.9636726
4332.91286277771  0.9518491
4335.81443452836  0.9462225
4338.716006279  0.9547213
4341.61757802964  0.9895356
4344.51914978028  1.010481
4347.42072153092  1.0338
4350.32229328156  1.016606
4353.2238650322  1.050358
4356.12543678284  1.052882
4359.02700853348  1.032893
4361.92858028412  1.027343
4364.83015203477  0.9814098
4367.73172378541  0.9431515
4370.63329553605  0.9318082
4373.53486728669  0.8946013
4376.43643903733  0.892387
4379.33801078797  0.8727809
4382.23958253861  0.8741362
4385.14115428925  0.8555133
4388.04272603989  0.8132911
4390.94429779053  0.8328308
4393.84586954117  0.8366269
4396.74744129182  0.8496043
4399.64901304246  0.8762698
4402.5505847931  0.9060375
4405.45215654374  0.912307
4408.35372829438  0.8962269
4411.25530004502  0.9064162
4414.15687179566  0.9148463
4417.0584435463  0.9202743
4419.96001529694  0.9472681
4422.86158704758  0.9663673
4425.76315879822  0.9404459
4428.66473054886  0.9576312
4431.56630229951  0.9773402
4434.46787405015  0.9853778
4437.36944580079  0.9646122
4440.27101755143  0.948271
4443.17258930207  0.9423296
4446.07416105271  0.9326448
4448.97573280335  0.9404295
4451.87730455399  0.9456138
4454.77887630463  0.9573569
4457.68044805527  0.9672512
4460.58201980591  0.9792187
4463.48359155656  0.9764592
4466.3851633072  0.9913327
4469.28673505784  1.007162
4472.18830680848  1.030598
4475.08987855912  1.061791
4477.99145030976  1.056428
4480.8930220604  1.066381
4483.79459381104  1.074668
4486.69616556168  1.099337
4489.59773731232  1.096029
4492.49930906296  1.089719
4495.4008808136  1.121961
4498.30245256424  1.137596
4501.20402431489  1.133337
4504.10559606553  1.138342
4507.00716781617  1.143238
4509.90873956681  1.144381
4512.81031131745  1.106429
4515.71188306809  1.085972
4518.61345481873  1.048491
4521.51502656937  1.056639
4524.41659832001  1.0336
4527.31817007065  1.033768
4530.21974182129  1.019715
4533.12131357194  1.01008
4536.02288532258  0.9935876
4538.92445707322  1.007706
4541.82602882386  1.033499
4544.7276005745  1.039053
4547.62917232514  1.075374
4550.53074407578  1.080992
4553.43231582642  1.089915
4556.33388757706  1.085953
4559.2354593277  1.104801
4562.13703107834  1.117079
4565.03860282898  1.115791
4567.94017457963  1.099882
4570.84174633027  1.101559
4573.74331808091  1.102798
4576.64488983155  1.103535
4579.54646158219  1.07958
4582.44803333283  1.082511
4585.34960508347  1.064698
4588.25117683411  1.070698
4591.15274858475  1.069414
4594.05432033539  1.075125
4596.95589208604  1.093689
4599.85746383668  1.09273
4602.75903558732  1.080962
4605.66060733796  1.091813
4608.5621790886  1.08787
4611.46375083924  1.107677
4614.36532258988  1.106066
4617.26689434052  1.118933
4620.16846609116  1.11799
4623.0700378418  1.112382
4625.97160959244  1.092738
4628.87318134308  1.072449
4631.77475309372  1.076631
4634.67632484437  1.073428
4637.57789659501  1.054978
4640.47946834565  1.042869
4643.38104009629  1.041854
4646.28261184693  1.046833
4649.18418359757  1.044071
4652.08575534821  1.031973
4654.98732709885  1.0359
4657.88889884949  1.027481
4660.79047060013  1.032865
4663.69204235077  1.052462
4666.59361410141  1.042846
4669.49518585206  1.046509
4672.3967576027  1.036556
4675.29832935334  1.030705
4678.19990110398  1.045477
4681.10147285462  1.050828
4684.00304460526  1.050442
4686.9046163559  1.018175
4689.80618810654  1.011472
4692.70775985718  0.9955143
4695.60933160782  0.9953299
4698.51090335846  0.999675
4701.41247510911  0.9938584
4704.31404685975  0.9979461
4707.21561861039  1.000072
4710.11719036103  1.002162
4713.01876211167  1.005413
4715.92033386231  1.012883
4718.82190561295  1.007496
4721.72347736359  1.011162
4724.62504911423  1.013874
4727.52662086487  1.01405
4730.42819261551  1.009341
4733.32976436616  0.9947234
4736.2313361168  0.9932054
4739.13290786744  1.004388
4742.03447961808  0.9973881
4744.93605136872  0.9875435
4747.83762311936  0.9841548
4750.73919487  0.9692926
4753.64076662064  0.9666433
4756.54233837128  0.9731296
4759.44391012192  0.9511165
4762.34548187256  0.9372
4765.24705362321  0.930876
4768.14862537385  0.9171102
4771.05019712449  0.9115236
4773.95176887513  0.9077682
4776.85334062577  0.9167527
4779.75491237641  0.9231694
4782.65648412705  0.9287913
4785.55805587769  0.9513907
4788.45962762833  0.958983
4791.36119937897  0.958172
4794.26277112961  0.9702206
4797.16434288025  0.9827218
4800.0659146309  0.9907098
4802.96748638154  1.008823
4805.86905813218  1.001373
4808.77062988282  0.9995305
4811.67220163346  0.9997042
4814.5737733841  0.9859459
4817.47534513474  0.9776734
4820.37691688538  0.9828473
4823.27848863602  0.9772853
4826.18006038666  0.965673
4829.08163213731  0.9531428
4831.98320388795  0.94712
4834.88477563859  0.9619765
4837.78634738923  0.9726843
4840.68791913987  0.9716088
4843.58949089051  0.9653824
4846.49106264115  0.9438205
4849.39263439179  0.934127
4852.29420614243  0.938427
4855.19577789307  0.9246793
4858.09734964371  0.90188
4860.99892139435  0.8927497
4863.90049314499  0.8874652
4866.80206489564  0.8874172
4869.70363664628  0.9022362
4872.60520839692  0.8916936
4875.50678014756  0.8841514
4878.4083518982  0.8845093
4881.30992364884  0.8933736
4884.21149539948  0.9145921
4887.11306715012  0.9160497
4890.01463890076  0.9161357
4892.9162106514  0.9150037
4895.81778240204  0.9306738
4898.71935415268  0.9450656
4901.62092590333  0.9470381
4904.52249765397  0.9282836
4907.42406940461  0.8998166
4910.32564115525  0.8970365
4913.22721290589  0.9040004
4916.12878465653  0.9156869
4919.03035640717  0.9073676
4921.93192815781  0.8990562
4924.83349990845  0.8883049
4927.7350716591  0.8905157
4930.63664340974  0.9205021
4933.53821516038  0.9432387
4936.43978691102  0.9462268
4939.34135866166  0.9442053
4942.2429304123  0.933355
4945.14450216294  0.9248904
4948.04607391358  0.9245487
4950.94764566422  0.9273336
4953.84921741486  0.932254
4956.7507891655  0.9310102
4959.65236091614  0.9259648
4962.55393266678  0.9276675
4965.45550441742  0.9202526
4968.35707616807  0.9050457
4971.25864791871  0.8932122
4974.16021966935  0.8929234
4977.06179141999  0.9000997
4979.96336317063  0.8961141
4982.86493492127  0.885106
4985.76650667191  0.8688151
4988.66807842255  0.8575159
4991.56965017319  0.8483794
4994.47122192384  0.8445926
4997.37279367448  0.8441974
5000.27436542512  0.8292122
5003.17593717576  0.8246433
5006.0775089264  0.8181196
5008.97908067704  0.809102
5011.88065242768  0.8143311
5014.78222417832  0.8186759
5017.68379592896  0.8265233
5020.5853676796  0.8365094
5023.48693943024  0.8263087
5026.38851118088  0.8148017
5029.29008293153  0.8098423
5032.19165468217  0.813668
5035.09322643281  0.8169614
5037.99479818345  0.8109344
5040.89636993409  0.8198132
5043.79794168473  0.8186659
5046.69951343537  0.817103
5049.60108518601  0.8280455
5052.50265693665  0.8292386
5055.40422868729  0.8196215
5058.30580043793  0.8221444
5061.20737218857  0.824348
5064.10894393922  0.8116228
5067.01051568986  0.7954382
5069.9120874405  0.7815338
5072.81365919114  0.7806042
5075.71523094178  0.7830527
5078.61680269242  0.7919901
5081.51837444306  0.7938224
5084.4199461937  0.7858062
5087.32151794434  0.7869169
5090.22308969498  0.786112
5093.12466144562  0.7835622
5096.02623319627  0.7833889
5098.92780494691  0.7787688
5101.82937669755  0.7788207
5104.73094844819  0.7775461
5107.63252019883  0.7756684
5110.53409194947  0.7690744
5113.43566370011  0.7605075
5116.33723545075  0.7624754
5119.23880720139  0.7643815
5122.14037895203  0.766128
5125.04195070267  0.7583573
5127.94352245331  0.7436244
5130.84509420396  0.741268
5133.7466659546  0.7408236
5136.64823770524  0.7407322
5139.54980945588  0.7417762
5142.45138120652  0.7300618
5145.35295295716  0.7408739
5148.2545247078  0.7528069
5151.15609645844  0.7301658
5154.05766820908  0.7005752
5156.95923995972  0.6678461
5159.86081171036  0.6445032
5162.76238346101  0.6389703
5165.66395521165  0.6245168
5168.56552696229  0.592827
5171.46709871293  0.5668715
5174.36867046357  0.5661577
5177.27024221421  0.588648
5180.17181396485  0.6213557
5183.07338571549  0.6566285
5185.97495746613  0.6847193
5188.87652921677  0.7032335
5191.77810096741  0.703222
5194.67967271805  0.7065831
5197.5812444687  0.7230491
5200.48281621934  0.7511159
5203.38438796998  0.7718843
5206.28595972062  0.796893
5209.18753147126  0.7997944
5212.0891032219  0.8009669
5214.99067497254  0.8231012
5217.89224672318  0.8554305
5220.79381847382  0.8922411
5223.69539022446  0.9071069
5226.5969619751  0.9131017
5229.49853372574  0.9309242
5232.40010547639  0.9293858
5235.30167722703  0.940124
5238.20324897767  0.9530375
5241.10482072831  0.9661978
5244.00639247895  0.9776638
5246.90796422959  0.9700136
5249.80953598023  0.9452962
5252.71110773087  0.8994725
5255.61267948151  0.8631136
5258.51425123215  0.8544012
5261.41582298279  0.850383
5264.31739473344  0.8475473
5267.21896648408  0.8470562
5270.12053823472  0.8375317
5273.02210998536  0.8568099
5275.923681736  0.8963239
5278.82525348664  0.9350669
5281.72682523728  0.958946
5284.62839698792  0.9640684
5287.52996873856  0.9660587
5290.4315404892  0.9778126
5293.33311223984  1.003829
5296.23468399049  1.013862
5299.13625574113  1.01571
5302.03782749177  1.019615
5304.93939924241  1.016632
5307.84097099305  1.024486
5310.74254274369  1.009966
5313.64411449433  0.9821681
5316.54568624497  0.9639997
5319.44725799561  0.9656924
5322.34882974625  0.9564279
5325.25040149689  0.9450952
5328.15197324754  0.9256002
5331.05354499818  0.92124
5333.95511674882  0.9393067
5336.85668849946  0.9542491
5339.7582602501  0.994165
5342.65983200074  1.006495
5345.56140375138  1.027208
5348.46297550202  1.033484
5351.36454725266  1.025723
5354.2661190033  1.018147
5357.16769075395  1.013383
5360.06926250459  1.007159
5362.97083425523  1.016921
5365.87240600587  1.022083
5368.77397775651  1.002902
5371.67554950715  0.9951739
5374.57712125779  0.9960356
5377.47869300843  0.9972326
5380.38026475907  0.9997905
5383.28183650971  1.000486
5386.18340826035  0.9894725
5389.08498001099  0.9780313
5391.98655176164  0.9489796
5394.88812351228  0.9342744
5397.78969526292  0.925917
5400.69126701356  0.9295925
5403.5928387642  0.9402215
5406.49441051484  0.9562343
5409.39598226548  0.9657449
5412.29755401612  0.969724
5415.19912576676  0.9698287
5418.1006975174  0.9783711
5421.00226926804  0.9781789
5423.90384101869  0.9930754
5426.80541276932  0.9960093
5429.70698451997  0.9904336
5432.60855627061  0.9834891
5435.51012802125  0.9674469
5438.41169977189  0.9798037
5441.31327152253  0.9901949
5444.21484327317  1.002608
5447.11641502381  1.005058
5450.01798677445  1.010494
5452.91955852509  1.007745
5455.82113027573  1.009412
5458.72270202637  1.019118
5461.62427377702  1.025399
5464.52584552766  1.008286
5467.4274172783  1.021575
5470.32898902894  1.018483
5473.23056077958  1.016033
5476.13213253022  1.012331
5479.03370428086  1.012618
5481.9352760315  1.013379
5484.83684778214  1.013521
5487.73841953278  1.029417
5490.63999128342  1.022533
5493.54156303407  1.027995
5496.44313478471  1.01545
5499.34470653535  1.015332
5502.24627828599  1.012651
5505.14785003663  1.019968
5508.04942178727  1.023401
5510.95099353791  1.022614
5513.85256528855  1.014393
5516.75413703919  1.019888
5519.65570878983  1.018864
5522.55728054047  1.030596
5525.45885229111  1.040643
5528.36042404176  1.047443
5531.2619957924  1.040016
5534.16356754304  1.040715
5537.06513929368  1.047314
5539.96671104432  1.056756
5542.86828279496  1.056371
5545.7698545456  1.05782
5548.67142629624  1.051815
5551.57299804688  1.045161
5554.47456979752  1.037241
5557.37614154816  1.032109
5560.27771329881  1.014305
5563.17928504945  1.012509
5566.08085680009  1.014744
5568.98242855073  1.002489
5571.88400030137  0.9810613
5574.78557205201  0.9681912
5577.68714380265  0.971279
5580.58871555329  0.9735572
5583.49028730393  0.9711573
5586.39185905457  0.9630562
5589.29343080521  0.95456
5592.19500255585  0.9577687
5595.0965743065  0.9773307
5597.99814605714  0.9858928
5600.89971780778  0.9948897
5603.80128955842  0.9918807
5606.70286130906  0.9979894
5609.6044330597  1.001283
5612.50600481034  1.015282
5615.40757656098  1.017443
5618.30914831162  1.01153
5621.21072006226  1.015769
5624.11229181291  1.017956
5627.01386356355  1.024139
5629.91543531419  1.032349
5632.81700706483  1.038971
5635.71857881547  1.039064
5638.62015056611  1.040421
5641.52172231675  1.032894
5644.42329406739  1.020288
5647.32486581803  1.017455
5650.22643756867  1.019524
5653.12800931931  1.018235
5656.02958106996  1.019638
5658.93115282059  1.020248
5661.83272457124  1.021703
5664.73429632188  1.022096
5667.63586807252  1.020586
5670.53743982316  1.024169
5673.4390115738  1.025379
5676.34058332444  1.018828
5679.24215507508  1.019585
5682.14372682572  1.017576
5685.04529857636  1.012126
5687.946870327  1.006258
5690.84844207764  0.993735
5693.75001382829  0.9874341
5696.65158557893  0.9821691
5699.55315732957  0.9756545
5702.45472908021  0.9807311
5705.35630083085  0.9833044
5708.25787258149  0.9902944
5711.15944433213  0.9940282
5714.06101608277  0.994926
5716.96258783341  0.9999609
5719.86415958405  1.011158
5722.76573133469  1.024258
5725.66730308534  1.02425
5728.56887483598  1.024337
5731.47044658662  1.027282
5734.37201833726  1.023723
5737.2735900879  1.018421
5740.17516183854  1.023958
5743.07673358918  1.0199
5745.97830533982  1.01947
5748.87987709046  1.017625
5751.7814488411  1.016057
5754.68302059174  1.022977
5757.58459234238  1.022791
5760.48616409303  1.019835
5763.38773584367  1.024408
5766.28930759431  1.021859
5769.19087934495  1.0104
5772.09245109559  1.005063
5774.99402284623  1.005782
5777.89559459687  1.007725
5780.79716634751  1.004818
5783.69873809815  1.00332
5786.60030984879  0.9998084
5789.50188159943  1.002166
5792.40345335008  1.013032
5795.30502510072  1.023191
5798.20659685136  1.03069
5801.108168602  1.03975
5804.00974035264  1.041841
5806.91131210328  1.045832
5809.81288385392  1.047746
5812.71445560456  1.050499
5815.6160273552  1.047907
5818.51759910584  1.057604
5821.41917085648  1.059561
5824.32074260712  1.059232
5827.22231435777  1.060641
5830.12388610841  1.056694
5833.02545785905  1.059211
5835.92702960969  1.057167
5838.82860136033  1.050553
5841.73017311097  1.039549
5844.63174486161  1.030244
5847.53331661225  1.031035
5850.43488836289  1.024036
5853.33646011353  1.020663
5856.23803186417  1.018789
5859.13960361482  1.012657
5862.04117536546  1.008929
5864.9427471161  1.005333
5867.84431886674  0.9970387
5870.74589061738  0.973711
5873.64746236802  0.9295021
5876.54903411866  0.8789937
5879.4506058693  0.8304302
5882.35217761994  0.7951847
5885.25374937058  0.7835895
5888.15532112122  0.7753372
5891.05689287186  0.7728088
5893.9584646225  0.7711973
5896.86003637315  0.7910546
5899.76160812379  0.822141
5902.66317987443  0.8656316
5905.56475162507  0.9083063
5908.46632337571  0.9443642
5911.36789512635  0.9602981
5914.26946687699  0.9698578
5917.17103862763  0.9732946
5920.07261037827  0.9751453
5922.97418212891  0.9747725
5925.87575387955  0.9826557
5928.7773256302  0.9853429
5931.67889738084  0.9793113
5934.58046913148  0.980616
5937.48204088212  0.983933
5940.38361263276  0.9783857
5943.2851843834  0.9821277
5946.18675613404  0.9827326
5949.08832788468  0.9799584
5951.98989963532  0.9891005
5954.89147138596  0.9978054
5957.7930431366  0.9974462
5960.69461488725  1.009166
5963.59618663789  1.001164
5966.49775838853  1.006889
5969.39933013917  1.000588
5972.30090188981  1.003556
5975.20247364045  1.00133
5978.10404539109  1.00317
5981.00561714173  1.002771
5983.90718889237  1.003421
5986.80876064301  1.004352
5989.71033239365  1.005066
5992.61190414429  1.008212
5995.51347589494  1.005961
5998.41504764558  1.001899
6001.31661939622  1.001188
6004.21819114686  0.9943701
6007.1197628975  0.9926851
6010.02133464814  0.9885662
6012.92290639878  0.9962358
6015.82447814942  1.000063
6018.72604990006  1.001245
6021.6276216507  1.011483
6024.52919340135  1.013144
6027.43076515199  1.013923
6030.33233690263  1.031074
6033.23390865327  1.036947
6036.13548040391  1.044808
6039.03705215455  1.040948
6041.93862390519  1.05005
6044.84019565583  1.037097
6047.74176740647  1.036922
6050.64333915711  1.03607
6053.54491090775  1.037287
6056.44648265839  1.034001
6059.34805440904  1.033688
6062.24962615968  1.02948
6065.15119791032  1.029073
6068.05276966096  1.030648
6070.9543414116  1.027876
6073.85591316224  1.023578
6076.75748491288  1.032117
6079.65905666352  1.025748
6082.56062841416  1.017821
6085.4622001648  1.007198
6088.36377191544  1.000845
6091.26534366609  1.002808
6094.16691541673  0.9998444
6097.06848716737  1.001512
6099.97005891801  1.010925
6102.87163066865  0.9984119
6105.77320241929  0.990961
6108.67477416993  0.9857252
6111.57634592057  0.9952793
6114.47791767121  0.9971039
6117.37948942185  1.004078
6120.28106117249  0.99423
6123.18263292313  0.9797149
6126.08420467378  0.9768444
6128.98577642442  0.9789538
6131.88734817506  0.9865109
6134.7889199257  0.9920219
6137.69049167634  0.9894863
6140.59206342698  0.9863997
6143.49363517762  0.9835194
6146.39520692826  0.9719095
6149.2967786789  0.9622384
6152.19835042954  0.9512367
6155.09992218018  0.950593
6158.00149393083  0.9508902
6160.90306568147  0.9412343
6163.80463743211  0.9436812
6166.70620918275  0.9456254
6169.60778093339  0.9602931
6172.50935268403  0.9739285
6175.41092443467  0.984127
6178.31249618531  0.9938751
6181.21406793595  1.006178
6184.11563968659  1.016565
6187.01721143723  1.013411
6189.91878318788  1.014947
6192.82035493851  1.012476
6195.72192668916  1.010607
6198.6234984398  1.012653
6201.52507019044  1.00835
6204.42664194108  1.001098
6207.32821369172  1.009269
6210.22978544236  1.004835
6213.131357193  1.005582
6216.03292894364  0.9888216
6218.93450069428  0.9796875
6221.83607244492  0.9772258
6224.73764419557  0.978074
6227.63921594621  0.9775833
6230.54078769685  0.9726402
6233.44235944749  0.9701329
6236.34393119813  0.9735988
6239.24550294877  0.9644313
6242.14707469941  0.9584537
6245.04864645005  0.9542355
6247.95021820069  0.946885
6250.85178995133  0.9498519
6253.75336170197  0.9513753
6256.65493345262  0.9575778
6259.55650520326  0.9555993
6262.4580769539  0.9523832
6265.35964870454  0.953809
6268.26122045518  0.9592319
6271.16279220582  0.9606513
6274.06436395646  0.9675748
6276.9659357071  0.9694138
6279.86750745774  0.961695
6282.76907920838  0.956065
6285.67065095902  0.9523038
6288.57222270966  0.9551558
6291.47379446031  0.9646156
6294.37536621095  0.9676071
6297.27693796159  0.962132
6300.17850971223  0.9553905
6303.08008146287  0.9562362
6305.98165321351  0.9611305
6308.88322496415  0.9651852
6311.78479671479  0.970354
6314.68636846543  0.9822506
6317.58794021607  0.9787229
6320.48951196671  0.9767487
6323.39108371735  0.9773589
6326.292655468  0.9843705
6329.19422721864  0.9875662
6332.09579896928  0.992137
6334.99737071992  0.9935843
6337.89894247056  0.9986877
6340.8005142212  0.9968114
6343.70208597184  0.9901659
6346.60365772248  0.9913289
6349.50522947312  0.9951457
6352.40680122376  0.9960111
6355.3083729744  1.005122
6358.20994472505  1.004803
6361.11151647569  1.003528
6364.01308822633  1.004065
6366.91465997697  1.006881
6369.81623172761  1.010477
6372.71780347825  1.020454
6375.61937522889  1.015471
6378.52094697953  1.016896
6381.42251873017  1.01542
6384.32409048081  1.004352
6387.22566223146  1.008287
6390.1272339821  1.007631
6393.02880573274  1.002363
6395.93037748338  0.9998854
6398.83194923402  0.9913425
6401.73352098466  0.9911389
6404.6350927353  0.9951782
6407.53666448594  0.9968605
6410.43823623658  0.9989582
6413.33980798722  1.002202
6416.24137973786  1.007672
6419.14295148851  1.008086
6422.04452323914  1.0066
6424.94609498979  1.00637
6427.84766674043  1.003716
6430.74923849107  1.010354
6433.65081024171  1.010658
6436.55238199235  1.013546
6439.45395374299  1.004838
6442.35552549363  0.9981323
6445.25709724427  1.003959
6448.15866899491  0.9969602
6451.06024074555  0.9971141
6453.96181249619  0.9949072
6456.86338424684  0.9836878
6459.76495599748  0.9815464
6462.66652774812  0.9840284
6465.56809949876  0.9807452
6468.4696712494  0.9793205
6471.37124300004  0.9796798
6474.27281475068  0.9810018
6477.17438650132  0.9709373
6480.07595825196  0.9595917
6482.9775300026  0.9548362
6485.87910175324  0.9585821
6488.78067350389  0.9660733
6491.68224525453  0.9744683
6494.58381700517  0.9750786
6497.48538875581  0.9709188
6500.38696050645  0.9737989
6503.28853225709  0.9820391
6506.19010400773  0.994115
6509.09167575837  1.010646
6511.99324750901  1.016763
6514.89481925965  1.015527
6517.79639101029  1.012309
6520.69796276093  1.014027
6523.59953451158  1.016088
6526.50110626222  1.023187
6529.40267801286  1.023432
6532.3042497635  1.021413
6535.20582151414  1.020877
6538.10739326478  1.012584
6541.00896501542  1.006308
6543.91053676606  0.9947718
6546.8121085167  0.9843341
6549.71368026734  0.9727998
6552.61525201798  0.9685895
6555.51682376863  0.9730476
6558.41839551927  0.9697816
6561.31996726991  0.9699913
6564.22153902055  0.9686605
6567.12311077119  0.9695598
6570.02468252183  0.9805419
6572.92625427247  0.9873487
6575.82782602311  0.9970394
6578.72939777375  1.008645
6581.63096952439  1.008931
6584.53254127503  1.013555
6587.43411302567  1.022147
6590.33568477632  1.019525
6593.23725652696  1.017932
6596.1388282776  1.021384
6599.04040002824  1.024819
6601.94197177888  1.031393
6604.84354352952  1.027935
6607.74511528016  1.031502
6610.6466870308  1.0404
6613.54825878144  1.039178
6616.44983053208  1.0387
6619.35140228273  1.038443
6622.25297403337  1.04694
6625.15454578401  1.041719
6628.05611753465  1.036772
6630.95768928529  1.039767
6633.85926103593  1.038437
6636.76083278657  1.042115
6639.66240453721  1.041783
6642.56397628785  1.041967
6645.46554803849  1.040796
6648.36711978913  1.039103
6651.26869153977  1.044334
6654.17026329041  1.042681
6657.07183504105  1.042941
6659.9734067917  1.046675
6662.87497854234  1.037227
6665.77655029298  1.033495
6668.67812204362  1.032664
6671.57969379426  1.037913
6674.4812655449  1.042544
6677.38283729554  1.040789
6680.28440904618  1.037149
6683.18598079682  1.036175
6686.08755254746  1.036601
6688.98912429811  1.041429
6691.89069604875  1.041878
6694.79226779939  1.034543
6697.69383955003  1.037138
6700.59541130067  1.032952
6703.49698305131  1.024631
6706.39855480195  1.024554
6709.30012655259  1.030972
6712.20169830323  1.027937
6715.10327005387  1.02573
6718.00484180451  1.026706
6720.90641355516  1.017175
6723.8079853058  1.027048
6726.70955705644  1.023627
6729.61112880708  1.02595
6732.51270055772  1.026043
6735.41427230836  1.021181
6738.315844059  1.027103
6741.21741580964  1.027367
6744.11898756028  1.025811
6747.02055931092  1.022496
6749.92213106157  1.016705
6752.82370281221  1.017854
6755.72527456285  1.017933
6758.62684631349  1.023321
6761.52841806413  1.024384
6764.42998981477  1.02485
6767.33156156541  1.018503
6770.23313331605  1.017307
6773.13470506669  1.017461
6776.03627681733  1.016201
6778.93784856797  1.024243
6781.83942031861  1.023257
6784.74099206925  1.02234
6787.64256381989  1.021942
6790.54413557054  1.014249
6793.44570732118  1.016766
6796.34727907182  1.015009
6799.24885082246  1.015129
6802.1504225731  1.017174
6805.05199432374  1.015998
6807.95356607438  1.010601
6810.85513782502  1.018466
6813.75670957566  1.01268
6816.6582813263  1.00872
6819.55985307694  1.009579
6822.46142482759  1.009985
6825.36299657823  1.001136
6828.26456832887  1.007257
6831.16614007951  1.00011
6834.06771183015  0.9986125
6836.96928358079  1.002323
6839.87085533143  0.9933696
6842.77242708207  0.9829134
6845.67399883271  0.9811341
6848.57557058335  0.9704041
6851.47714233399  0.9484835
6854.37871408463  0.9171632
6857.28028583528  0.8844315
6860.18185758592  0.862596
6863.08342933656  0.8400365
6865.9850010872  0.8297927
6868.88657283784  0.8166649
6871.78814458848  0.7893063
6874.68971633912  0.7759891
6877.59128808976  0.7747974
6880.4928598404  0.7836077
6883.39443159104  0.8060237
6886.29600334168  0.8278334
6889.19757509233  0.8408012
6892.09914684297  0.8469142
6895.00071859361  0.8514525
6897.90229034425  0.8551283
6900.80386209489  0.8708658
6903.70543384553  0.8754335
6906.60700559617  0.8842213
6909.50857734681  0.8840477
6912.41014909745  0.8933397
6915.31172084809  0.8877465
6918.21329259873  0.8957281
6921.11486434938  0.8957911
6924.01643610002  0.8867734
6926.91800785066  0.8845693
6929.8195796013  0.8890616
6932.72115135194  0.8873521
6935.62272310258  0.8876256
6938.52429485322  0.8884585
6941.42586660386  0.882942
6944.3274383545  0.8815184
6947.22901010514  0.8901167
6950.13058185578  0.8970764
6953.03215360643  0.9106525
6955.93372535707  0.9257925
6958.83529710771  0.9308256
6961.73686885835  0.9364895
6964.63844060899  0.9412515
6967.54001235963  0.9445792
6970.44158411027  0.9450722
6973.34315586091  0.9427444
6976.24472761155  0.9286277
6979.14629936219  0.9298917
6982.04787111283  0.9314725
6984.94944286347  0.9190212
6987.85101461411  0.9116818
6990.75258636475  0.9175016
6993.6541581154  0.9003161
6996.55572986604  0.9076428
6999.45730161668  0.8998303
7002.35887336732  0.9011437
7005.26044511796  0.9057877
7008.1620168686  0.8981806
7011.06358861924  0.8984532
7013.96516036988  0.9062901
7016.86673212052  0.908884
7019.76830387116  0.912162
7022.66987562181  0.9155485
7025.57144737245  0.9122725
7028.47301912309  0.9205164
7031.37459087373  0.9324343
7034.27616262437  0.9390458
7037.17773437501  0.9422716
7040.07930612565  0.9483147
7042.98087787629  0.941227
7045.88244962693  0.9417013
7048.78402137757  0.9466717
7051.68559312821  0.9453821
7054.58716487886  0.9555777
7057.4887366295  0.9494083
7060.39030838014  0.9511175
7063.29188013078  0.9532017
7066.19345188142  0.9597359
7069.09502363206  0.9562482
7071.9965953827  0.9580338
7074.89816713334  0.9637849
7077.79973888398  0.962042
7080.70131063462  0.9612114
7083.60288238526  0.9610157
7086.5044541359  0.9637399
7089.40602588655  0.9596204
7092.30759763719  0.9540267
7095.20916938783  0.9598544
7098.11074113847  0.9669593
7101.01231288911  0.9675881
7103.91388463975  0.9620631
7106.81545639039  0.9681974
7109.71702814103  0.9647465
7112.61859989167  0.9653712
7115.52017164231  0.9596849
7118.42174339295  0.9619215
7121.32331514359  0.9649754
7124.22488689424  0.9615808
7127.12645864488  0.959802
7130.02803039552  0.9498704
7132.92960214616  0.9453675
7135.8311738968  0.9428809
7138.73274564744  0.9390151
7141.63431739808  0.9378502
7144.53588914872  0.9332788
7147.43746089936  0.9230698
7150.33903265  0.9066001
7153.24060440064  0.8810067
7156.14217615129  0.8615974
7159.04374790193  0.8426694
7161.94531965257  0.8216133
7164.84689140321  0.8025761
7167.74846315385  0.7743805
7170.65003490449  0.7427765
7173.55160665513  0.715623
7176.45317840577  0.6975986
7179.35475015641  0.6846959
7182.25632190705  0.6724372
7185.1578936577  0.6682865
7188.05946540834  0.6668838
7190.96103715898  0.6649241
7193.86260890962  0.6734333
7196.76418066026  0.6917399
7199.6657524109  0.7213621
7202.56732416154  0.7438363
7205.46889591218  0.7616365
7208.37046766282  0.7814447
7211.27203941346  0.7983114
7214.17361116411  0.8223939
7217.07518291474  0.8320457
7219.97675466539  0.8274357
7222.87832641603  0.828429
7225.77989816667  0.8225759
7228.68146991731  0.8091043
7231.58304166795  0.7983319
7234.48461341859  0.7774361
7237.38618516923  0.7623391
7240.28775691987  0.7555998
7243.18932867051  0.7476515
7246.09090042115  0.7457026
7248.99247217179  0.7522303
7251.89404392243  0.7593442
7254.79561567308  0.7627768
7257.69718742372  0.7588701
7260.59875917436  0.7610506
7263.500330925  0.760595
7266.40190267564  0.7677758
7269.30347442628  0.7787465
7272.20504617692  0.7808295
7275.10661792756  0.7785386
7278.0081896782  0.7743125
7280.90976142884  0.7761509
7283.81133317948  0.7777069
7286.71290493013  0.7839909
7289.61447668077  0.7935681
7292.51604843141  0.7915628
7295.41762018205  0.7872568
7298.31919193269  0.789866
7301.22076368333  0.7962359
7304.12233543397  0.8033519
7307.02390718461  0.8128167
7309.92547893525  0.82635
7312.82705068589  0.8320477
7315.72862243653  0.8422413
7318.63019418717  0.858417
7321.53176593782  0.8705752
7324.43333768846  0.8899352
7327.3349094391  0.9072075
7330.23648118974  0.9165159
7333.13805294038  0.9263742
7336.03962469102  0.928402
7338.94119644166  0.930804
7341.8427681923  0.9337223
7344.74433994294  0.9457738
7347.64591169358  0.9389769
7350.54748344422  0.9427621
7353.44905519487  0.9561297
7356.35062694551  0.9571975
7359.25219869615  0.9616102
7362.15377044679  0.9596708
7365.05534219743  0.9553574
7367.95691394807  0.9522735
7370.85848569871  0.9573219
7373.76005744935  0.9609866
7376.66162919999  0.9639461
7379.56320095063  0.9751712
7382.46477270127  0.9729986
7385.36634445192  0.981114
7388.26791620256  0.9794226
7391.1694879532  0.9781614
7394.07105970384  0.9784907
7396.97263145448  0.9743057
7399.87420320512  0.9836912
7402.77577495576  0.9915622
7405.6773467064  0.9880092
7408.57891845704  0.9987916
7411.48049020768  1.000804
7414.38206195832  1.000576
7417.28363370897  1.00731
7420.18520545961  1.00984
7423.08677721025  1.018397
7425.98834896089  1.020892
7428.88992071153  1.023991
7431.79149246217  1.030851
7434.69306421281  1.030966
7437.59463596345  1.030869
7440.49620771409  1.031736
7443.39777946473  1.031626
7446.29935121537  1.028534
7449.20092296601  1.027811
7452.10249471666  1.034247
7455.0040664673  1.035287
7457.90563821794  1.041401
7460.80720996858  1.043076
7463.70878171922  1.042246
7466.61035346986  1.044262
7469.5119252205  1.047426
7472.41349697114  1.047837
7475.31506872178  1.04882
7478.21664047242  1.045384
7481.11821222306  1.037109
7484.0197839737  1.043062
7486.92135572435  1.044121
7489.82292747499  1.039688
7492.72449922563  1.037114
7495.62607097627  1.03693
7498.52764272691  1.044932
7501.42921447755  1.043402
7504.33078622819  1.053099
7507.23235797883  1.052289
7510.13392972947  1.055474
7513.03550148012  1.053876
7515.93707323076  1.05398
7518.8386449814  1.049221
7521.74021673204  1.053597
7524.64178848268  1.051434
7527.54336023332  1.06094
7530.44493198396  1.059093
7533.3465037346  1.062638
7536.24807548524  1.064354
7539.14964723588  1.068047
7542.05121898652  1.060658
7544.95279073716  1.068474
7547.8543624878  1.068406
7550.75593423844  1.06278
7553.65750598909  1.063188
7556.55907773973  1.057933
7559.46064949037  1.055314
7562.36222124101  1.057234
7565.26379299165  1.057362
7568.16536474229  1.047084
7571.06693649293  1.041797
7573.96850824357  1.031001
7576.87007999421  0.9900796
7579.77165174485  0.9304075
7582.6732234955  0.8606722
7585.57479524614  0.7812739
7588.47636699678  0.6992925
7591.37793874742  0.6189398
7594.27951049806  0.5544533
7597.1810822487  0.4897718
7600.08265399934  0.4367449
7602.98422574998  0.3986963
7605.88579750062  0.3660979
7608.78736925126  0.3475872
7611.6889410019  0.3523158
7614.59051275254  0.3727183
7617.49208450319  0.4004097
7620.39365625382  0.4334278
7623.29522800447  0.4623408
7626.19679975511  0.4751521
7629.09837150575  0.4915703
7631.99994325639  0.5054227
7634.90151500703  0.5165723
7637.80308675767  0.5344059
7640.70465850831  0.557824
7643.60623025895  0.5875005
7646.50780200959  0.6144724
7649.40937376023  0.6520391
7652.31094551088  0.6887376
7655.21251726152  0.7329442
7658.11408901216  0.773096
7661.0156607628  0.8025006
7663.91723251344  0.8330587
7666.81880426408  0.865685
7669.72037601472  0.8896837
7672.62194776536  0.9178811
7675.523519516  0.9371267
7678.42509126664  0.9518551
7681.32666301728  0.9674748
7684.22823476793  0.985924
7687.12980651857  0.9904425
7690.03137826921  0.9965194
7692.93295001985  0.9970925
7695.83452177049  1.005599
7698.73609352113  1.007167
7701.63766527177  1.005099
7704.53923702241  1.010865
7707.44080877305  1.004515
7710.34238052369  1.012106
7713.24395227433  1.021344
7716.14552402498  1.017943
7719.04709577562  1.031555
7721.94866752626  1.037958
7724.8502392769  1.025086
7727.75181102754  1.028863
7730.65338277818  1.030424
7733.55495452882  1.022867
7736.45652627946  1.018616
7739.3580980301  1.019091
7742.25966978074  1.015293
7745.16124153138  1.011308
7748.06281328202  1.011866
7750.96438503266  1.017384
7753.86595678331  1.015187
7756.76752853395  1.019151
7759.66910028459  1.019967
7762.57067203523  1.016043
7765.47224378587  1.017676
7768.37381553651  1.018757
7771.27538728715  1.015763
7774.17695903779  1.014899
7777.07853078843  1.003531
7779.98010253907  0.9972427
7782.88167428971  0.9965859
7785.78324604036  0.9997202
7788.684817791  0.9950119
7791.58638954164  0.9949668
7794.48796129228  0.9901235
7797.38953304292  0.9928228
7800.29110479356  0.9896169
7803.1926765442  0.9970022
7806.09424829484  0.9881971
7808.99582004548  0.9762637
7811.89739179612  0.9888586
7814.79896354676  0.9779991
7817.70053529741  0.9698393
7820.60210704805  0.9652565
7823.50367879869  0.9669862
7826.40525054933  0.9718692
7829.30682229997  0.9686131
7832.20839405061  0.9505213
7835.10996580125  0.9625013
7838.01153755189  0.9483041
7840.91310930253  0.9518698
7843.81468105317  0.9495973
7846.71625280381  0.9495938
7849.61782455446  0.9435041
7852.5193963051  0.9378468
7855.42096805574  0.93916
7858.32253980638  0.9362624
7861.22411155702  0.9281855
7864.12568330766  0.9251748
7867.0272550583  0.9137627
7869.92882680894  0.9097173
7872.83039855958  0.9102246
7875.73197031022  0.9002525
7878.63354206086  0.8861603
7881.5351138115  0.8773153
7884.43668556215  0.8793175
7887.33825731279  0.8804846
7890.23982906343  0.8725191
7893.14140081407  0.8641308
7896.04297256471  0.8621461
