4072.03564453125  0.8585837
4074.93459582329  0.8609652
4077.83354711533  0.8633602
4080.73249840737  0.8657726
4083.63144969941  0.8534291
4086.53040099144  0.8494514
4089.42935228348  0.8519854
4092.32830357552  0.8299218
4095.22725486756  0.8537384
4098.1262061596  0.8731775
4101.02515745164  0.8680009
4103.92410874367  0.8894355
4106.82306003571  0.9189313
4109.72201132775  0.921796
4112.62096261979  0.921752
4115.51991391182  0.9544923
4118.41886520386  0.9371654
4121.3178164959  0.9660205
4124.21676778794  0.9678432
4127.11571907998  0.9604881
4130.01467037201  0.9463047
4132.91362166405  0.9606435
4135.81257295609  0.9916547
4138.71152424813  0.9796889
4141.61047554017  0.9927922
4144.5094268322  0.9861987
4147.40837812424  0.9853283
4150.30732941628  1.002412
4153.20628070832  0.9916388
4156.10523200036  0.9794344
4159.00418329239  0.9873927
4161.90313458443  0.9876344
4164.80208587647  0.9769812
4167.70103716851  0.9634034
4170.59998846055  0.974143
4173.49893975258  0.9959824
4176.39789104462  0.997025
4179.29684233666  0.9903921
4182.1957936287  0.9987686
4185.09474492074  0.9917461
4187.99369621277  0.9714239
4190.89264750481  0.996453
4193.79159879685  0.9913865
4196.69055008889  0.9764722
4199.58950138093  0.980843
4202.48845267296  1.009994
4205.387403965  1.013014
4208.28635525704  1.007318
4211.18530654908  1.002109
4214.08425784112  1.009792
4216.98320913315  1.010424
4219.88216042519  1.029066
4222.78111171723  1.008318
4225.68006300927  0.9991781
4228.5790143013  0.99826
4231.47796559334  0.9935207
4234.37691688538  0.989373
4237.27586817742  0.9904577
4240.17481946946  0.9868876
4243.07377076149  1.004748
4245.97272205353  1.003157
4248.87167334557  1.002916
4251.77062463761  1.011632
4254.66957592965  1.008487
4257.56852722168  0.9921896
4260.46747851372  1.004503
4263.36642980576  0.9936197
4266.2653810978  1.002833
4269.16433238984  1.00057
4272.06328368187  1.006956
4274.96223497391  0.9981096
4277.86118626595  1.000417
4280.76013755799  0.9913136
4283.65908885003  1.025442
4286.55804014206  0.9933755
4289.4569914341  1.014481
4292.35594272614  0.9811761
4295.25489401818  0.9935197
4298.15384531022  1.015628
4301.05279660225  1.006111
4303.95174789429  1.005416
4306.85069918633  0.9889582
4309.74965047837  1.00018
4312.64860177041  0.9808897
4315.54755306244  0.9835104
4318.44650435448  1.003098
4321.34545564652  0.9694099
4324.24440693856  0.9473046
4327.1433582306  0.9032127
4330.04230952263  0.8903008
4332.94126081467  0.8785233
4335.84021210671  0.8885719
4338.73916339875  0.9110317
4341.63811469079  0.9247205
4344.53706598282  0.9485022
4347.43601727486  0.9684747
4350.3349685669  0.981117
4353.23391985894  0.9638023
4356.13287115097  1.001145
4359.03182244301  1.00995
4361.93077373505  1.012697
4364.82972502709  1.01656
4367.72867631913  1.02152
4370.62762761116  1.015461
4373.5265789032  0.999415
4376.42553019524  1.003192
4379.32448148728  0.9907341
4382.22343277932  0.9905027
4385.12238407135  0.9766937
4388.02133536339  0.9962314
4390.92028665543  0.9818118
4393.81923794747  1.010142
4396.71818923951  1.013846
4399.61714053155  0.9941368
4402.51609182358  1.002839
4405.41504311562  1.004595
4408.31399440766  1.001955
4411.2129456997  1.003187
4414.11189699173  1.010344
4417.01084828377  1.013592
4419.90979957581  1.003573
4422.80875086785  1.014891
4425.70770215989  1.027637
4428.60665345192  1.000928
4431.50560474396  1.001216
4434.404556036  0.9992145
4437.30350732804  1.016699
4440.20245862008  1.018993
4443.10140991211  1.011427
4446.00036120415  1.007521
4448.89931249619  1.012571
4451.79826378823  1.010368
4454.69721508027  0.9977793
4457.5961663723  0.9887501
4460.49511766434  0.9620056
4463.39406895638  0.9561363
4466.29302024842  0.9756449
4469.19197154046  0.9827164
4472.09092283249  0.9749269
4474.98987412453  0.9823145
4477.88882541657  0.9932629
4480.78777670861  1.003305
4483.68672800065  1.006673
4486.58567929268  1.011652
4489.48463058472  1.017914
4492.38358187676  1.008608
4495.2825331688  1.005757
4498.18148446084  1.01498
4501.08043575287  1.012377
4503.97938704491  1.014112
4506.87833833695  1.015315
4509.77728962899  1.001727
4512.67624092103  1.012033
4515.57519221306  1.00971
4518.4741435051  1.012381
4521.37309479714  1.009628
4524.27204608918  1.010888
4527.17099738121  1.012275
4530.06994867325  0.9771011
4532.96889996529  0.9795153
4535.86785125733  0.9783261
4538.76680254937  0.9631876
4541.6657538414  0.9789008
4544.56470513344  0.9681647
4547.46365642548  0.9836024
4550.36260771752  0.9812738
4553.26155900956  0.9904839
4556.16051030159  0.9919745
4559.05946159363  0.9878181
4561.95841288567  1.000918
4564.85736417771  0.9909149
4567.75631546975  1.003764
4570.65526676178  0.9881757
4573.55421805382  0.9903753
4576.45316934586  0.9947525
4579.3521206379  1.001409
4582.25107192994  0.9997842
4585.15002322197  0.9968935
4588.04897451401  0.9926444
4590.94792580605  1.015112
4593.84687709809  1.004421
4596.74582839013  1.00325
4599.64477968216  1.00787
4602.5437309742  1.017617
4605.44268226624  0.9981427
4608.34163355828  0.9996927
4611.24058485032  0.9931217
4614.13953614235  1.002145
4617.03848743439  0.9942449
4619.93743872643  0.9976978
4622.83639001847  0.9789448
4625.73534131051  0.9902244
4628.63429260254  0.9846959
4631.53324389458  0.9719886
4634.43219518662  0.9628803
4637.33114647866  0.9593434
4640.2300977707  0.9374605
4643.12904906273  0.9352086
4646.02800035477  0.9516596
4648.92695164681  0.9522698
4651.82590293885  0.9564887
4654.72485423089  0.9589251
4657.62380552292  0.9681176
4660.52275681496  0.9728564
4663.421708107  0.9815504
4666.32065939904  0.9758812
4669.21961069107  0.9713145
4672.11856198311  0.9698514
4675.01751327515  0.9510809
4677.91646456719  0.9440809
4680.81541585923  0.9522095
4683.71436715126  0.9620299
4686.6133184433  0.9556926
4689.51226973534  0.9678035
4692.41122102738  0.9729935
4695.31017231942  0.9800095
4698.20912361146  0.990046
4701.10807490349  0.9817768
4704.00702619553  0.9773203
4706.90597748757  0.9753208
4709.80492877961  0.9793086
4712.70388007165  0.9831156
4715.60283136368  0.9851515
4718.50178265572  0.9872358
4721.40073394776  0.9722805
4724.2996852398  0.9729674
4727.19863653183  0.9780573
4730.09758782387  0.9910129
4732.99653911591  0.9847149
4735.89549040795  0.9721336
4738.79444169999  0.9718628
4741.69339299202  0.9822724
4744.59234428406  0.9874933
4747.4912955761  0.9847829
4750.39024686814  0.9750987
4753.28919816018  0.9866943
4756.18814945221  0.9930156
4759.08710074425  0.9853942
4761.98605203629  0.9830544
4764.88500332833  0.9821626
4767.78395462036  0.983034
4770.6829059124  0.984333
4773.58185720444  0.9854999
4776.48080849648  0.9876394
4779.37975978852  0.9808486
4782.27871108056  0.9943599
4785.17766237259  0.9864253
4788.07661366463  0.9940458
4790.97556495667  1.005398
4793.87451624871  0.9875337
4796.77346754075  0.9898033
4799.67241883278  0.992443
4802.57137012482  0.9834638
4805.47032141686  0.9885085
4808.3692727089  0.9812624
4811.26822400094  0.9881217
4814.16717529297  0.988624
4817.06612658501  0.9822028
4819.96507787705  0.9773137
4822.86402916909  0.9875857
4825.76298046113  0.9893518
4828.66193175316  0.9757227
4831.5608830452  0.9777573
4834.45983433724  0.9633126
4837.35878562928  0.9678473
4840.25773692131  0.9724458
4843.15668821335  0.9565548
4846.05563950539  0.935455
4848.95459079743  0.8982349
4851.85354208947  0.8559027
4854.75249338151  0.8303866
4857.65144467354  0.8482233
4860.55039596558  0.8677849
4863.44934725762  0.8988044
4866.34829854966  0.9183246
4869.24724984169  0.9293832
4872.14620113373  0.9560447
4875.04515242577  0.9711998
4877.94410371781  0.9695227
4880.84305500985  0.9971614
4883.74200630189  0.9893644
4886.64095759392  0.9816263
4889.53990888596  0.9985415
4892.438860178  0.9946918
4895.33781147004  0.9860049
4898.23676276207  0.9950274
4901.13571405411  0.9934134
4904.03466534615  0.9921647
4906.93361663819  0.9851252
4909.83256793023  0.9739456
4912.73151922226  0.9659172
4915.6304705143  0.9514396
4918.52942180634  0.9623004
4921.42837309838  0.975762
4924.32732439042  0.9714956
4927.22627568245  0.9803746
4930.12522697449  0.9861942
4933.02417826653  0.9832445
4935.92312955857  0.9901828
4938.82208085061  0.9881027
4941.72103214264  0.9877638
4944.61998343468  0.9974637
4947.51893472672  0.9964839
4950.41788601876  0.9848882
4953.3168373108  0.9932172
4956.21578860283  0.9969845
4959.11473989487  0.9885245
4962.01369118691  1.00174
4964.91264247895  0.9906201
4967.81159377099  0.9904403
4970.71054506302  0.9982837
4973.60949635506  1.005116
4976.5084476471  1.003343
4979.40739893914  1.011261
4982.30635023117  1.007864
4985.20530152321  1.012253
4988.10425281525  0.9972675
4991.00320410729  1.010704
4993.90215539933  1.008469
4996.80110669137  1.004902
4999.7000579834  1.00221
5002.59900927544  0.9920106
5005.49796056748  0.9921947
5008.39691185952  0.9859754
5011.29586315156  0.9850174
5014.19481444359  0.9886724
5017.09376573563  0.9857766
5019.99271702767  0.9940525
5022.89166831971  0.9872859
5025.79061961175  0.9823934
5028.68957090378  0.9860967
5031.58852219582  0.98153
5034.48747348786  0.9903932
5037.3864247799  0.9712371
5040.28537607194  0.9803221
5043.18432736397  0.9882804
5046.08327865601  0.9837912
5048.98222994805  0.9822066
5051.88118124009  0.9787283
5054.78013253213  0.9873343
5057.67908382416  0.9902529
5060.5780351162  0.9919216
5063.47698640824  0.9974554
5066.37593770028  0.9989747
5069.27488899231  1.003819
5072.17384028435  1.002812
5075.07279157639  1.003437
5077.97174286843  0.995892
5080.87069416047  0.9998261
5083.7696454525  1.00692
5086.66859674454  1.007274
5089.56754803658  1.005766
5092.46649932862  1.011829
5095.36545062066  1.012671
5098.26440191269  1.014259
5101.16335320473  1.007512
5104.06230449677  1.013069
5106.96125578881  1.020262
5109.86020708085  1.006439
5112.75915837288  1.013954
5115.65810966492  1.009852
5118.55706095696  1.015134
5121.456012249  1.000938
5124.35496354104  1.013477
5127.25391483308  1.013975
5130.15286612511  1.010609
5133.05181741715  1.000933
5135.95076870919  1.010643
5138.84972000123  1.009344
5141.74867129326  1.009147
5144.6476225853  1.003737
5147.54657387734  1.005209
5150.44552516938  1.007196
5153.34447646142  0.9979772
5156.24342775345  1.013032
5159.14237904549  1.010626
5162.04133033753  1.007
5164.94028162957  1.008225
5167.83923292161  1.017439
5170.73818421364  1.011404
5173.63713550568  1.013593
5176.53608679772  1.011077
5179.43503808976  1.017614
5182.33398938179  1.018152
5185.23294067383  1.015743
5188.13189196587  1.028635
5191.03084325791  1.027521
5193.92979454995  1.011293
5196.82874584199  1.028578
5199.72769713402  1.02479
5202.62664842606  1.021366
5205.5255997181  1.023218
5208.42455101014  1.031838
5211.32350230217  1.037486
5214.22245359421  1.019931
5217.12140488625  1.021395
5220.02035617829  1.018451
5222.91930747033  1.033423
5225.81825876236  1.028979
5228.7172100544  1.020629
5231.61616134644  1.022965
5234.51511263848  1.020585
5237.41406393052  1.029603
5240.31301522255  1.026427
5243.21196651459  1.019235
5246.11091780663  1.02371
5249.00986909867  1.016059
5251.90882039071  1.00876
5254.80777168274  1.021833
5257.70672297478  1.016779
5260.60567426682  1.015016
5263.50462555886  1.012105
5266.4035768509  1.011748
5269.30252814293  1.011261
5272.20147943497  1.010605
5275.10043072701  1.003938
5277.99938201905  1.015899
5280.89833331109  1.018074
5283.79728460312  1.010023
5286.69623589516  1.018196
5289.5951871872  1.019087
5292.49413847924  1.018791
5295.39308977128  1.017342
5298.29204106331  1.019557
5301.19099235535  1.030987
5304.08994364739  1.025511
5306.98889493943  1.024491
5309.88784623147  1.02802
5312.7867975235  1.032779
5315.68574881554  1.032108
5318.58470010758  1.024218
5321.48365139962  1.029907
5324.38260269166  1.030283
5327.28155398369  1.030104
5330.18050527573  1.028799
5333.07945656777  1.027133
5335.97840785981  1.035808
5338.87735915185  1.031966
5341.77631044388  1.03521
5344.67526173592  1.030177
5347.57421302796  1.018368
5350.47316432  1.032186
5353.37211561204  1.032402
5356.27106690407  1.025983
5359.17001819611  1.024837
5362.06896948815  1.025854
5364.96792078019  1.030823
5367.86687207223  1.025806
5370.76582336426  1.024156
5373.6647746563  1.020538
5376.56372594834  1.017414
5379.46267724038  1.020328
5382.36162853242  1.02168
5385.26057982445  1.020985
5388.15953111649  1.018296
5391.05848240853  1.014226
5393.95743370057  1.017699
5396.8563849926  1.013201
5399.75533628464  0.9965813
5402.65428757668  0.9794958
5405.55323886872  0.9792073
5408.45219016076  0.9833647
5411.35114145279  0.9908825
5414.25009274483  1.00676
5417.14904403687  0.9997624
5420.04799532891  1.012205
5422.94694662095  1.021534
5425.84589791298  1.015098
5428.74484920502  1.022318
5431.64380049706  1.023811
5434.5427517891  1.021244
5437.44170308114  1.027804
5440.34065437318  1.024105
5443.23960566521  1.031024
5446.13855695725  1.030356
5449.03750824929  1.030357
5451.93645954133  1.027216
5454.83541083337  1.03107
5457.7343621254  1.03157
5460.63331341744  1.027703
5463.53226470948  1.027534
5466.43121600152  1.031888
5469.33016729355  1.024595
5472.22911858559  1.027242
5475.12806987763  1.020447
5478.02702116967  1.018134
5480.92597246171  1.018257
5483.82492375374  1.003588
5486.72387504578  1.005344
5489.62282633782  1.010335
5492.52177762986  1.010405
5495.42072892189  1.00744
5498.31968021393  1.007433
5501.21863150597  1.000601
5504.11758279801  1.003464
5507.01653409005  1.007943
5509.91548538209  1.007373
5512.81443667412  1.009071
5515.71338796616  1.011803
5518.6123392582  1.010141
5521.51129055024  1.007361
5524.41024184227  1.009012
5527.30919313431  0.9995226
5530.20814442635  1.006447
5533.10709571839  1.00546
5536.00604701043  1.002472
5538.90499830246  1.010117
5541.8039495945  1.005781
5544.70290088654  1.006656
5547.60185217858  1.005309
5550.50080347062  1.008158
5553.39975476265  1.011251
5556.29870605469  1.019774
5559.19765734673  1.010197
5562.09660863877  1.010452
5564.99555993081  1.016594
5567.89451122284  1.008702
5570.79346251488  1.016455
5573.69241380692  1.012903
5576.59136509896  1.008748
5579.490316391  1.009936
5582.38926768304  1.007717
5585.28821897507  1.002731
5588.18717026711  1.003101
5591.08612155915  0.9980963
5593.98507285118  1.000462
5596.88402414322  0.9986333
5599.78297543526  0.99764
5602.6819267273  1.002022
5605.58087801934  1.004517
5608.47982931138  0.993287
5611.37878060341  0.9994546
5614.27773189545  0.9949995
5617.17668318749  0.9899619
5620.07563447953  0.9916942
5622.97458577157  0.9946705
5625.8735370636  0.9933159
5628.77248835564  0.9919614
5631.67143964768  0.9878591
5634.57039093972  0.9928535
5637.46934223176  0.9961905
5640.36829352379  0.9867404
5643.26724481583  0.9842028
5646.16619610787  0.987998
5649.06514739991  0.9807787
5651.96409869194  0.9822412
5654.86304998398  0.9842317
5657.76200127602  0.9829426
5660.66095256806  0.9813327
5663.5599038601  0.980149
5666.45885515213  0.985267
5669.35780644417  0.9863639
5672.25675773621  0.9751654
5675.15570902825  0.9870632
5678.05466032029  0.9790278
5680.95361161232  0.9828681
5683.85256290436  0.985464
5686.7515141964  0.9760452
5689.65046548844  0.984157
5692.54941678048  0.9789613
5695.44836807251  0.9784168
5698.34731936455  0.9839666
5701.24627065659  0.9835763
5704.14522194863  0.9753976
5707.04417324067  0.9771164
5709.9431245327  0.9754409
5712.84207582474  0.9723396
5715.74102711678  0.9720047
5718.63997840882  0.9676277
5721.53892970086  0.9743246
5724.43788099289  0.9695804
5727.33683228493  0.9714348
5730.23578357697  0.9708671
5733.13473486901  0.9665952
5736.03368616105  0.9726992
5738.93263745308  0.9671992
5741.83158874512  0.9664802
5744.73054003716  0.9608868
5747.6294913292  0.9682696
5750.52844262124  0.9677216
5753.42739391327  0.9633974
5756.32634520531  0.9647397
5759.22529649735  0.9655983
5762.12424778939  0.9677766
5765.02319908143  0.9613881
5767.92215037346  0.9563292
5770.8211016655  0.9590709
5773.72005295754  0.9569961
5776.61900424958  0.957063
5779.51795554162  0.9646287
5782.41690683365  0.9645082
5785.31585812569  0.966853
5788.21480941773  0.9662499
5791.11376070977  0.9550702
5794.01271200181  0.9558308
5796.91166329384  0.9604707
5799.81061458588  0.9583486
5802.70956587792  0.9631424
5805.60851716996  0.9633583
5808.507468462  0.9692382
5811.40641975403  0.9613626
5814.30537104607  0.9593213
5817.20432233811  0.9692231
5820.10327363015  0.9682817
5823.00222492218  0.9695817
5825.90117621422  0.9718981
5828.80012750626  0.9800446
5831.6990787983  0.9709788
5834.59803009034  0.9725943
5837.49698138237  0.9769662
5840.39593267441  0.976225
5843.29488396645  0.9763522
5846.19383525849  0.9840153
5849.09278655053  0.9816014
5851.99173784257  0.9822677
5854.8906891346  0.9850193
5857.78964042664  0.9790259
5860.68859171868  0.9635359
5863.58754301072  0.9339457
5866.48649430275  0.917336
5869.38544559479  0.9127954
5872.28439688683  0.9209796
5875.18334817887  0.9123489
5878.08229947091  0.9002565
5880.98125076295  0.9003964
5883.88020205498  0.9021648
5886.77915334702  0.8930677
5889.67810463906  0.8961622
5892.5770559311  0.9095354
5895.47600722313  0.9103591
5898.37495851517  0.9143886
5901.27390980721  0.9207224
5904.17286109925  0.9206428
5907.07181239129  0.9199401
5909.97076368332  0.9179605
5912.86971497536  0.9216864
5915.7686662674  0.9290752
5918.66761755944  0.9314385
5921.56656885148  0.9289818
5924.46552014351  0.9354734
5927.36447143555  0.9361735
5930.26342272759  0.93243
5933.16237401963  0.925332
5936.06132531167  0.9164265
5938.9602766037  0.9180484
5941.85922789574  0.9256438
5944.75817918778  0.9331424
5947.65713047982  0.9352757
5950.55608177186  0.9403952
5953.45503306389  0.941045
5956.35398435593  0.9407781
5959.25293564797  0.937485
5962.15188694001  0.9405135
5965.05083823204  0.9523551
5967.94978952408  0.9500058
5970.84874081612  0.9525616
5973.74769210816  0.9511207
5976.6466434002  0.9505224
5979.54559469224  0.9593012
5982.44454598427  0.9502522
5985.34349727631  0.9587089
5988.24244856835  0.9620487
5991.14139986039  0.9609131
5994.04035115242  0.9641951
5996.93930244446  0.9664466
5999.8382537365  0.9679546
6002.73720502854  0.9643128
6005.63615632058  0.9723778
6008.53510761261  0.9692972
6011.43405890465  0.9732015
6014.33301019669  0.9716152
6017.23196148873  0.9710945
6020.13091278077  0.9773217
6023.0298640728  0.9819945
6025.92881536484  0.97945
6028.82776665688  0.9780913
6031.72671794892  0.9784921
6034.62566924096  0.9781978
6037.52462053299  0.974422
6040.42357182503  0.9846403
6043.32252311707  0.9728288
6046.22147440911  0.9798838
6049.12042570115  0.9716164
6052.01937699319  0.9870731
6054.91832828522  0.9799207
6057.81727957726  0.9707122
6060.7162308693  0.9753016
6063.61518216134  0.9776199
6066.51413345337  0.9775408
6069.41308474541  0.9859508
6072.31203603745  0.9838621
6075.21098732949  0.9806796
6078.10993862153  0.9767368
6081.00888991356  0.9765356
6083.9078412056  0.9806338
6086.80679249764  0.9863554
6089.70574378968  0.9763324
6092.60469508172  0.9849903
6095.50364637375  0.9846419
6098.40259766579  0.9904596
6101.30154895783  0.9990479
6104.20050024987  0.9932958
6107.09945154191  0.9876775
6109.99840283394  0.9901243
6112.89735412598  0.9906146
6115.79630541802  1.003194
6118.69525671006  0.9958964
6121.5942080021  0.9971321
6124.49315929413  0.999033
6127.39211058617  1.000248
6130.29106187821  1.004395
6133.19001317025  0.9917346
6136.08896446229  0.9994135
6138.98791575432  0.990713
6141.88686704636  0.9942458
6144.7858183384  1.001185
6147.68476963044  1.003398
6150.58372092248  0.998086
6153.48267221451  1.002712
6156.38162350655  1.004768
6159.28057479859  0.9906976
6162.17952609063  0.9997386
6165.07847738267  0.9887696
6167.9774286747  0.9913673
6170.87637996674  0.9848262
6173.77533125878  1.005406
6176.67428255082  0.9942066
6179.57323384286  0.9931529
6182.47218513489  0.9921477
6185.37113642693  0.9904776
6188.27008771897  0.9911835
6191.16903901101  0.9856173
6194.06799030305  0.9887068
6196.96694159508  0.998764
6199.86589288712  0.9972368
6202.76484417916  0.999239
6205.6637954712  0.9972677
6208.56274676324  0.9954358
6211.46169805527  1.002653
6214.36064934731  1.003501
6217.25960063935  0.9955773
6220.15855193139  1.00186
6223.05750322342  0.990447
6225.95645451546  0.9940878
6228.8554058075  0.9904247
6231.75435709954  0.9918525
6234.65330839158  0.9956083
6237.55225968361  0.9955068
6240.45121097565  0.9982466
6243.35016226769  0.9979993
6246.24911355973  0.9928749
6249.14806485177  0.9882324
6252.0470161438  0.9969064
6254.94596743584  0.9955916
6257.84491872788  0.9985276
6260.74387001992  0.9955606
6263.64282131196  0.9858124
6266.54177260399  0.9726878
6269.44072389603  0.9712385
6272.33967518807  0.9621605
6275.23862648011  0.9631918
6278.13757777215  0.9650158
6281.03652906418  0.9690938
6283.93548035622  0.9761862
6286.83443164826  0.974712
6289.7333829403  0.9782422
6292.63233423234  0.9805327
6295.53128552437  0.9811268
6298.43023681641  0.9837328
6301.32918810845  0.9941488
6304.22813940049  0.9954808
6307.12709069253  0.9853864
6310.02604198456  0.9990429
6312.9249932766  1.003657
6315.82394456864  1.000106
6318.72289586068  1.005601
6321.62184715272  1.004532
6324.52079844475  1.006415
6327.41974973679  1.003293
6330.31870102883  1.013626
6333.21765232087  1.021981
6336.11660361291  1.016227
6339.01555490494  1.014344
6341.91450619698  1.022584
6344.81345748902  1.021133
6347.71240878106  1.005635
6350.6113600731  1.016127
6353.51031136513  1.019056
6356.40926265717  1.014625
6359.30821394921  1.023397
6362.20716524125  1.022991
6365.10611653329  1.017709
6368.00506782532  1.017917
6370.90401911736  1.01786
6373.8029704094  1.02498
6376.70192170144  1.022657
6379.60087299348  1.012705
6382.49982428551  1.022471
6385.39877557755  1.024116
6388.29772686959  1.022865
6391.19667816163  1.015867
6394.09562945366  1.018222
6396.9945807457  1.032489
6399.89353203774  1.021004
6402.79248332978  1.022411
6405.69143462182  1.028213
6408.59038591385  1.034362
6411.48933720589  1.025259
6414.38828849793  1.023935
6417.28723978997  1.026964
6420.18619108201  1.026776
6423.08514237404  1.026489
6425.98409366608  1.030822
6428.88304495812  1.029014
6431.78199625016  1.025869
6434.6809475422  1.022506
6437.57989883423  1.02357
6440.47885012627  1.031758
6443.37780141831  1.030199
6446.27675271035  1.026188
6449.17570400239  1.026177
6452.07465529442  1.026482
6454.97360658646  1.017008
6457.8725578785  1.017086
6460.77150917054  1.013088
6463.67046046258  1.00378
6466.56941175462  0.9994437
6469.46836304665  1.001127
6472.36731433869  0.9985275
6475.26626563073  1.002515
6478.16521692277  1.000198
6481.0641682148  0.997614
6483.96311950684  1.010143
6486.86207079888  1.010969
6489.76102209092  1.009988
6492.65997338296  1.021059
6495.55892467499  1.023406
6498.45787596703  1.025079
6501.35682725907  1.022589
6504.25577855111  1.018424
6507.15472984315  1.011282
6510.05368113518  1.015144
6512.95263242722  1.013147
6515.85158371926  1.01146
6518.7505350113  1.018613
6521.64948630334  1.01065
6524.54843759537  1.014881
6527.44738888741  1.018871
6530.34634017945  1.023121
6533.24529147149  1.020551
6536.14424276352  1.017339
6539.04319405556  1.018911
6541.9421453476  0.9965243
6544.84109663964  0.9752316
6547.74004793168  0.9450485
6550.63899922371  0.9055206
6553.53795051575  0.8849452
6556.43690180779  0.8826691
6559.33585309983  0.8902415
6562.23480439187  0.9103654
6565.1337556839  0.9235068
6568.03270697594  0.9458472
6570.93165826798  0.9834966
6573.83060956002  1.002723
6576.72956085206  1.010962
6579.6285121441  1.023904
6582.52746343613  1.046192
6585.42641472817  1.034475
6588.32536602021  1.036605
6591.22431731225  1.036108
6594.12326860428  1.032207
6597.02221989632  1.038427
6599.92117118836  1.044569
6602.8201224804  1.041515
6605.71907377244  1.039448
6608.61802506447  1.04259
6611.51697635651  1.044392
6614.41592764855  1.04685
6617.31487894059  1.040242
6620.21383023263  1.045647
6623.11278152466  1.050439
6626.0117328167  1.055474
6628.91068410874  1.054523
6631.80963540078  1.041932
6634.70858669282  1.052563
6637.60753798485  1.061081
6640.50648927689  1.055882
6643.40544056893  1.052422
6646.30439186097  1.0468
6649.20334315301  1.061428
6652.10229444504  1.056513
6655.00124573708  1.050464
6657.90019702912  1.052667
6660.79914832116  1.060232
6663.6980996132  1.042691
6666.59705090523  1.023736
6669.49600219727  1.014063
6672.39495348931  1.024145
6675.29390478135  1.034267
6678.19285607339  1.026132
6681.09180736542  1.03073
6683.99075865746  1.04342
6686.8897099495  1.041676
6689.78866124154  1.045951
6692.68761253358  1.054246
6695.58656382561  1.052885
6698.48551511765  1.056437
6701.38446640969  1.063607
6704.28341770173  1.059011
6707.18236899377  1.05827
6710.0813202858  1.05465
6712.98027157784  1.049267
6715.87922286988  1.061605
6718.77817416192  1.064644
6721.67712545396  1.062886
6724.57607674599  1.052864
6727.47502803803  1.053181
6730.37397933007  1.066149
6733.27293062211  1.051715
6736.17188191414  1.05493
6739.07083320618  1.053701
6741.96978449822  1.053904
6744.86873579026  1.063498
6747.7676870823  1.05673
6750.66663837434  1.058494
6753.56558966637  1.054758
6756.46454095841  1.04671
6759.36349225045  1.048372
6762.26244354249  1.042103
6765.16139483453  1.055059
6768.06034612656  1.050159
6770.9592974186  1.047505
6773.85824871064  1.037777
6776.75720000268  1.044776
6779.65615129471  1.034882
6782.55510258675  1.039008
6785.45405387879  1.050905
6788.35300517083  1.04305
6791.25195646287  1.029301
6794.1509077549  1.040541
6797.04985904694  1.036438
6799.94881033898  1.039729
6802.84776163102  1.047694
6805.74671292306  1.030129
6808.64566421509  1.03424
6811.54461550713  1.026388
6814.44356679917  1.043774
6817.34251809121  1.040483
6820.24146938325  1.038425
6823.14042067528  1.03549
6826.03937196732  1.039605
6828.93832325936  1.032765
6831.8372745514  1.032744
6834.73622584343  1.029566
6837.63517713547  1.031361
6840.53412842751  1.036475
6843.43307971955  1.029799
6846.33203101159  1.026153
6849.23098230363  1.015769
6852.12993359566  1.002155
6855.0288848877  0.9636132
6857.92783617974  0.9194683
6860.82678747178  0.8795686
6863.72573876381  0.858413
6866.62469005585  0.8474903
6869.52364134789  0.85525
6872.42259263993  0.8617718
6875.32154393197  0.8615565
6878.22049522401  0.8569868
6881.11944651604  0.8697246
6884.01839780808  0.8667912
6886.91734910012  0.8725538
6889.81630039216  0.8862096
6892.71525168419  0.8818333
6895.61420297623  0.9033685
6898.51315426827  0.919283
6901.41210556031  0.9196077
6904.31105685235  0.9363823
6907.21000814439  0.9414783
6910.10895943642  0.9458132
6913.00791072846  0.9498288
6915.9068620205  0.9531733
6918.80581331254  0.9491226
6921.70476460458  0.9467195
6924.60371589661  0.9537577
6927.50266718865  0.9322218
6930.40161848069  0.9261871
6933.30056977273  0.9239699
6936.19952106476  0.9316368
6939.0984723568  0.9275428
6941.99742364884  0.9305849
6944.89637494088  0.9292789
6947.79532623292  0.9373744
6950.69427752495  0.9557549
6953.59322881699  0.9568119
6956.49218010903  0.9628904
6959.39113140107  0.9800075
6962.29008269311  0.9851816
6965.18903398514  1.006041
6968.08798527718  1.010569
6970.98693656922  0.9987491
6973.88588786126  0.9882259
6976.7848391533  0.9755678
6979.68379044533  0.9623598
6982.58274173737  0.9500004
6985.48169302941  0.9607378
6988.38064432145  0.9480366
6991.27959561348  0.945125
6994.17854690552  0.9515262
6997.07749819756  0.9365104
6999.9764494896  0.9486983
7002.87540078164  0.9491912
7005.77435207368  0.9492869
7008.67330336571  0.9481353
7011.57225465775  0.9408207
7014.47120594979  0.9584256
7017.37015724183  0.9508048
7020.26910853386  0.951718
7023.1680598259  0.9545564
7026.06701111794  0.9698822
7028.96596240998  0.9529361
7031.86491370202  0.9658689
7034.76386499405  0.9774443
7037.66281628609  0.9671797
7040.56176757813  0.9688296
7043.46071887017  0.9643996
7046.35967016221  0.9602298
7049.25862145424  0.9499239
7052.15757274628  0.9456342
7055.05652403832  0.9375687
7057.95547533036  0.9490774
7060.8544266224  0.9487333
7063.75337791443  0.9626471
7066.65232920647  0.9740358
7069.55128049851  0.9875328
7072.45023179055  0.9772664
7075.34918308259  0.9920756
7078.24813437462  0.9787479
7081.14708566666  0.9772633
7084.0460369587  0.9781806
7086.94498825074  0.9804997
7089.84393954278  0.9868965
7092.74289083481  0.9844081
7095.64184212685  0.9868234
7098.54079341889  0.9944879
7101.43974471093  0.9889632
7104.33869600297  1.001429
7107.237647295  0.9976188
7110.13659858704  0.9772347
7113.03554987908  0.9937459
7115.93450117112  0.9906244
7118.83345246316  0.9901471
7121.73240375519  0.9899898
7124.63135504723  0.9922205
7127.53030633927  0.9819557
7130.42925763131  0.9874856
7133.32820892335  0.9765231
7136.22716021538  0.9733397
7139.12611150742  0.9672313
7142.02506279946  0.9755603
7144.9240140915  0.9679683
7147.82296538354  0.954919
7150.72191667557  0.956295
7153.62086796761  0.9225045
7156.51981925965  0.8991304
7159.41877055169  0.864892
7162.31772184373  0.8283916
7165.21667313576  0.8063042
7168.1156244278  0.7776163
7171.01457571984  0.7645808
7173.91352701188  0.7495287
7176.81247830392  0.7276459
7179.71142959595  0.7247975
7182.61038088799  0.7175262
7185.50933218003  0.7180167
7188.40828347207  0.7221903
7191.30723476411  0.7277877
7194.20618605614  0.7376586
7197.10513734818  0.758075
7200.00408864022  0.7824747
7202.90303993226  0.802613
7205.8019912243  0.8329397
7208.70094251633  0.8614053
7211.59989380837  0.8748685
7214.49884510041  0.8711331
7217.39779639245  0.8755891
7220.29674768449  0.8524305
7223.19569897652  0.8177423
7226.09465026856  0.8183376
7228.9936015606  0.8141888
7231.89255285264  0.7916642
7234.79150414467  0.7891682
7237.69045543671  0.7783644
7240.58940672875  0.7756677
7243.48835802079  0.7841646
7246.38730931283  0.7867945
7249.28626060487  0.7861811
7252.1852118969  0.7894157
7255.08416318894  0.7837328
7257.98311448098  0.7943638
7260.88206577302  0.7975378
7263.78101706505  0.7805297
7266.67996835709  0.7657437
7269.57891964913  0.7815135
7272.47787094117  0.8110774
7275.37682223321  0.8138302
7278.27577352524  0.8113649
7281.17472481728  0.7986766
7284.07367610932  0.7964617
7286.97262740136  0.8118643
7289.8715786934  0.8115812
7292.77052998543  0.8149967
7295.66948127747  0.8140648
7298.56843256951  0.8196953
7301.46738386155  0.8185985
7304.36633515359  0.8291935
7307.26528644562  0.8447184
7310.16423773766  0.8542705
7313.0631890297  0.8603114
7315.96214032174  0.8792229
7318.86109161377  0.8846028
7321.76004290581  0.8881253
7324.65899419785  0.9040189
7327.55794548989  0.9247209
7330.45689678193  0.918617
7333.35584807396  0.9313174
7336.254799366  0.9315827
7339.15375065804  0.9254391
7342.05270195008  0.9263341
7344.95165324212  0.9475967
7347.85060453415  0.9457277
7350.74955582619  0.9413129
7353.64850711823  0.9290315
7356.54745841027  0.9422413
7359.44640970231  0.9548147
7362.34536099435  0.9503384
7365.24431228638  0.9538621
7368.14326357842  0.9691365
7371.04221487046  0.9791858
7373.9411661625  0.9696521
7376.84011745454  0.9784105
7379.73906874657  1.003078
7382.63802003861  1.024252
7385.53697133065  1.047156
7388.43592262269  1.036229
7391.33487391472  1.017725
7394.23382520676  0.9945431
7397.1327764988  1.002139
7400.03172779084  1.005097
7402.93067908288  0.9912936
7405.82963037491  1.006375
7408.72858166695  0.9926239
7411.62753295899  0.9976115
7414.52648425103  1.001747
7417.42543554307  1.014013
7420.3243868351  1.01397
7423.22333812714  1.010201
7426.12228941918  1.005173
7429.02124071122  1.014993
7431.92019200326  1.007745
7434.81914329529  1.009175
7437.71809458733  1.009675
7440.61704587937  1.01135
7443.51599717141  1.025974
7446.41494846345  1.02762
7449.31389975548  1.005741
7452.21285104752  1.019335
7455.11180233956  1.028819
7458.0107536316  1.026337
7460.90970492364  1.011981
7463.80865621567  1.00757
7466.70760750771  1.024763
7469.60655879975  1.020386
7472.50551009179  1.008549
7475.40446138383  1.013432
7478.30341267586  1.001893
7481.2023639679  1.001206
7484.10131525994  1.020111
7487.00026655198  1.032422
7489.89921784402  1.014399
7492.79816913605  1.020611
7495.69712042809  1.035162
7498.59607172013  1.039666
7501.49502301217  1.074391
7504.39397430421  1.108255
7507.29292559624  1.108799
7510.19187688828  1.081424
7513.09082818032  1.089558
7515.98977947236  1.1166
7518.8887307644  1.098361
7521.78768205643  1.061043
7524.68663334847  1.028941
7527.58558464051  1.006489
7530.48453593255  1.012159
7533.38348722459  1.023816
7536.28243851662  1.042977
7539.18138980866  1.015306
7542.0803411007  1.017243
7544.97929239274  1.009241
7547.87824368478  1.010092
7550.77719497681  1.024533
7553.67614626885  1.028699
7556.57509756089  1.02263
7559.47404885293  1.020505
7562.37300014496  1.030835
7565.271951437  1.027032
7568.17090272904  1.035855
7571.06985402108  1.012213
7573.96880531312  1.002981
7576.86775660515  0.9680862
7579.76670789719  0.9300577
7582.66565918923  0.8338265
7585.56461048127  0.7322505
7588.46356177331  0.6267174
7591.36251306534  0.5481911
7594.26146435738  0.4715025
7597.16041564942  0.4363791
7600.05936694146  0.3846433
7602.9583182335  0.4115915
7605.85726952553  0.4487881
7608.75622081757  0.4738564
7611.65517210961  0.4842501
7614.55412340165  0.493044
7617.45307469369  0.5011489
7620.35202598572  0.5267048
7623.25097727776  0.5136719
7626.1499285698  0.5402708
7629.04887986184  0.5433484
7631.94783115388  0.6080266
7634.84678244592  0.6821322
7637.74573373795  0.7106426
7640.64468502999  0.7079884
7643.54363632203  0.6947834
7646.44258761407  0.7136971
7649.3415389061  0.7567878
7652.24049019814  0.7656875
7655.13944149018  0.7987745
7658.03839278222  0.8278269
7660.93734407426  0.8639429
7663.83629536629  0.8803715
7666.73524665833  0.8972426
7669.63419795037  0.9180492
7672.53314924241  0.9411017
7675.43210053445  0.9467639
7678.33105182648  0.9612945
7681.23000311852  0.9788632
7684.12895441056  0.9734097
7687.0279057026  0.9691079
7689.92685699464  0.9955094
7692.82580828667  0.9946901
7695.72475957871  0.9970707
7698.62371087075  0.9954967
7701.52266216279  0.9929892
7704.42161345482  1.017514
7707.32056474686  1.018599
7710.2195160389  1.017505
7713.11846733094  1.028998
7716.01741862298  1.024012
7718.91636991501  1.036162
7721.81532120705  1.081105
7724.71427249909  1.107252
7727.61322379113  1.106056
7730.51217508317  1.097877
7733.4111263752  1.038209
7736.31007766724  1.010643
7739.20902895928  1.019539
7742.10798025132  1.030661
7745.00693154336  1.011737
7747.90588283539  1.019513
7750.80483412743  0.9991347
7753.70378541947  1.014655
7756.60273671151  0.9884837
7759.50168800354  1.010553
7762.40063929558  1.013296
7765.29959058762  0.9897282
7768.19854187966  1.016104
7771.0974931717  0.9987524
7773.99644446374  1.012041
7776.89539575577  1.003289
7779.79434704781  0.9980783
7782.69329833985  1.005362
7785.59224963189  0.9934923
7788.49120092392  1.004391
7791.39015221596  1.03345
7794.289103508  0.9839366
7797.18805480004  0.999178
7800.08700609208  1.013241
7802.98595738412  0.9844747
7805.88490867615  0.9932911
7808.78385996819  1.010269
7811.68281126023  0.9982302
7814.58176255227  1.000527
7817.48071384431  1.008762
7820.37966513634  0.9989476
7823.27861642838  1.019929
7826.17756772042  0.9888617
7829.07651901246  0.988946
7831.97547030449  1.013373
7834.87442159653  0.9766529
7837.77337288857  0.9748762
7840.67232418061  1.000103
7843.57127547265  1.016418
7846.47022676469  1.009328
7849.36917805672  0.9877932
7852.26812934876  0.9970195
7855.1670806408  0.9884705
7858.06603193284  0.99848
7860.96498322487  1.005086
7863.86393451691  0.9832596
7866.76288580895  0.9674868
7869.66183710099  0.9556664
7872.56078839303  0.9566584
7875.45973968506  0.9414342
7878.3586909771  0.9822932
7881.25764226914  0.9698131
7884.15659356118  0.9449946
7887.05554485322  0.967428
7889.95449614525  0.9396399
7892.85344743729  0.9492316
7895.75239872933  0.9689568
7898.65135002137  0.9699127
