4070.05908203125  0.8920039
4072.95837211609  0.8928894
4075.85766220093  0.8937879
4078.75695228577  0.8946958
4081.65624237061  0.8956196
4084.55553245545  0.8692388
4087.45482254029  0.8619556
4090.35411262513  0.8534377
4093.25340270997  0.8176144
4096.1526927948  0.8430988
4099.05198287964  0.8579814
4101.95127296448  0.889625
4104.85056304932  0.8934571
4107.74985313416  0.9374173
4110.649143219  0.9113579
4113.54843330384  0.925432
4116.44772338868  0.935414
4119.34701347352  0.9305097
4122.24630355835  0.9901105
4125.14559364319  0.9647834
4128.04488372803  0.96255
4130.94417381287  0.9624106
4133.84346389771  0.98946
4136.74275398255  1.009826
4139.64204406739  1.001841
4142.54133415223  1.021918
4145.44062423707  0.9900587
4148.3399143219  1.014909
4151.23920440674  1.022523
4154.13849449158  1.0135
4157.03778457642  0.9987656
4159.93707466126  0.9954873
4162.8363647461  0.9845707
4165.73565483094  0.9561163
4168.63494491578  0.9615004
4171.53423500061  0.978649
4174.43352508545  0.9835781
4177.33281517029  0.988295
4180.23210525513  0.9936131
4183.13139533997  0.9928936
4186.03068542481  0.9635832
4188.92997550965  0.9876506
4191.82926559449  0.9959978
4194.72855567933  0.9983743
4197.62784576417  0.9959769
4200.527135849  1.00704
4203.42642593384  1.021885
4206.32571601868  1.026259
4209.22500610352  1.010167
4212.12429618836  0.9925955
4215.0235862732  0.9862064
4217.92287635804  1.012227
4220.82216644288  0.9983283
4223.72145652771  0.9881705
4226.62074661255  0.9758465
4229.52003669739  0.9698148
4232.41932678223  0.9710145
4235.31861686707  0.9550237
4238.21790695191  0.9633319
4241.11719703675  0.9732084
4244.01648712159  0.976844
4246.91577720643  0.9773663
4249.81506729127  0.9951904
4252.71435737611  0.9875689
4255.61364746094  0.9733158
4258.51293754578  0.9633191
4261.41222763062  0.9632968
4264.31151771546  0.9557875
4267.2108078003  0.9745536
4270.11009788514  0.9560356
4273.00938796998  0.9486799
4275.90867805481  0.9445871
4278.80796813965  0.9369869
4281.70725822449  0.9284725
4284.60654830933  0.9002028
4287.50583839417  0.8859203
4290.40512847901  0.8668397
4293.30441856385  0.8419645
4296.20370864869  0.8388055
4299.10299873353  0.8279675
4302.00228881836  0.8450916
4304.9015789032  0.848779
4307.80086898804  0.8732713
4310.70015907288  0.8817284
4313.59944915772  0.8964918
4316.49873924256  0.9347981
4319.3980293274  0.909504
4322.29731941224  0.8996096
4325.19660949708  0.8850327
4328.09589958192  0.8568
4330.99518966675  0.8502736
4333.89447975159  0.842177
4336.79376983643  0.8500718
4339.69305992127  0.855553
4342.59235000611  0.882436
4345.49164009095  0.9123498
4348.39093017579  0.9385605
4351.29022026062  0.9387362
4354.18951034547  0.9724439
4357.0888004303  0.9944571
4359.98809051514  0.992294
4362.88738059998  0.999096
4365.78667068482  1.003097
4368.68596076966  0.9882821
4371.5852508545  0.9799281
4374.48454093934  0.988032
4377.38383102417  0.9634123
4380.28312110902  0.963787
4383.18241119385  0.9521198
4386.08170127869  0.9589339
4388.98099136353  0.9486319
4391.88028144837  0.9744736
4394.77957153321  0.9825522
4397.67886161805  0.9698651
4400.57815170289  0.9776333
4403.47744178773  0.98675
4406.37673187256  0.9886473
4409.2760219574  0.9940357
4412.17531204224  1.002424
4415.07460212708  1.011571
4417.97389221192  1.013537
4420.87318229676  1.01179
4423.7724723816  1.037797
4426.67176246644  1.008868
4429.57105255127  1.00792
4432.47034263611  1.005584
4435.36963272095  1.016031
4438.26892280579  1.01475
4441.16821289063  1.009109
4444.06750297547  1.00102
4446.96679306031  1.001905
4449.86608314515  0.9962739
4452.76537322999  0.983941
4455.66466331483  0.9925538
4458.56395339966  0.9875607
4461.4632434845  0.9942953
4464.36253356934  1.007604
4467.26182365418  1.012166
4470.16111373902  1.005841
4473.06040382386  1.013424
4475.9596939087  1.0128
4478.85898399354  1.011876
4481.75827407838  1.015791
4484.65756416321  1.022207
4487.55685424805  1.028975
4490.45614433289  1.03505
4493.35543441773  1.025833
4496.25472450257  1.046837
4499.15401458741  1.052068
4502.05330467225  1.061365
4504.95259475709  1.050868
4507.85188484193  1.053208
4510.75117492676  1.049066
4513.6504650116  1.029427
4516.54975509644  1.026435
4519.44904518128  1.002143
4522.34833526612  1.010152
4525.24762535096  1.006009
4528.1469154358  0.9919043
4531.04620552064  0.9946654
4533.94549560547  0.9914118
4536.84478569031  0.9917391
4539.74407577515  0.9995344
4542.64336585999  0.9845507
4545.54265594483  0.9899915
4548.44194602967  0.9864253
4551.34123611451  0.988963
4554.24052619935  1.002658
4557.13981628418  1.006569
4560.03910636902  1.00745
4562.93839645386  1.008078
4565.8376865387  1.022552
4568.73697662354  0.9968833
4571.63626670838  1.006976
4574.53555679322  1.008695
4577.43484687806  1.001487
4580.3341369629  0.9961287
4583.23342704774  1.004321
4586.13271713257  0.9959198
4589.03200721741  1.007444
4591.93129730225  1.000844
4594.83058738709  1.005179
4597.72987747193  1.017342
4600.62916755677  1.033678
4603.52845764161  1.013454
4606.42774772645  1.017877
4609.32703781128  1.010385
4612.22632789612  1.035285
4615.12561798096  1.015194
4618.0249080658  1.020229
4620.92419815064  1.013893
4623.82348823548  1.024559
4626.72277832032  1.0121
4629.62206840516  1.013222
4632.52135849  0.999433
4635.42064857483  1.009276
4638.31993865967  0.9918732
4641.21922874451  0.988499
4644.11851882935  0.997117
4647.01780891419  0.9950013
4649.91709899903  1.005702
4652.81638908387  0.9823769
4655.71567916871  0.9891353
4658.61496925355  0.9923424
4661.51425933839  0.9913108
4664.41354942322  0.9839531
4667.31283950806  0.9886575
4670.2121295929  0.9989435
4673.11141967774  1.000584
4676.01070976258  1.001614
4678.90999984742  1.002638
4681.80928993226  1.008855
4684.7085800171  1.005333
4687.60787010194  1.004696
4690.50716018677  1.00122
4693.40645027161  0.9882419
4696.30574035645  1.002564
4699.20503044129  0.986714
4702.10432052613  0.9872993
4705.00361061097  0.9943158
4707.90290069581  0.9938051
4710.80219078065  1.00468
4713.70148086549  0.9976388
4716.60077095032  1.001338
4719.50006103516  0.9957966
4722.39935112  0.9918227
4725.29864120484  0.9887026
4728.19793128968  1.000023
4731.09722137452  0.9904002
4733.99651145936  0.988553
4736.8958015442  0.9862878
4739.79509162903  0.9889663
4742.69438171387  1.002577
4745.59367179871  1.000255
4748.49296188355  0.9840645
4751.39225196839  0.9862481
4754.29154205323  0.9855088
4757.19083213807  0.9904126
4760.09012222291  0.9925213
4762.98941230775  0.9830408
4765.88870239258  0.994527
4768.78799247742  0.9938794
4771.68728256226  0.9986529
4774.5865726471  0.9982322
4777.48586273194  0.9931122
4780.38515281678  1.003996
4783.28444290162  0.9965203
4786.18373298646  1.00929
4789.0830230713  1.015909
4791.98231315613  0.9992387
4794.88160324097  1.010436
4797.78089332581  0.9987649
4800.68018341065  1.003487
4803.57947349549  1.012427
4806.47876358033  0.9997679
4809.37805366517  1.0063
4812.27734375001  1.008721
4815.17663383485  1.004615
4818.07592391968  0.9976808
4820.97521400452  0.992455
4823.87450408936  0.9961789
4826.7737941742  0.9868354
4829.67308425904  0.9800745
4832.57237434388  0.9597175
4835.47166442872  0.9577824
4838.37095451356  0.9567811
4841.2702445984  0.9510913
4844.16953468323  0.924287
4847.06882476807  0.8808158
4849.96811485291  0.8447758
4852.86740493775  0.813323
4855.76669502259  0.8077062
4858.66598510743  0.8041999
4861.56527519227  0.8267855
4864.46456527711  0.8454157
4867.36385536194  0.8723935
4870.26314544678  0.9043823
4873.16243553162  0.9236637
4876.06172561646  0.9334438
4878.9610157013  0.9557529
4881.86030578614  0.9477229
4884.75959587098  0.952698
4887.65888595582  0.968852
4890.55817604065  0.9742196
4893.4574661255  0.9753231
4896.35675621033  0.9821835
4899.25604629517  0.9848467
4902.15533638001  0.9787278
4905.05462646485  0.9758481
4907.95391654969  0.9618419
4910.85320663453  0.962384
4913.75249671937  0.9558983
4916.65178680421  0.966935
4919.55107688905  0.9684252
4922.45036697388  0.9673159
4925.34965705872  0.9749613
4928.24894714356  0.9694179
4931.1482372284  0.9713486
4934.04752731324  0.9804254
4936.94681739808  0.9865508
4939.84610748292  0.9907
4942.74539756775  0.991917
4945.64468765259  0.9920355
4948.54397773743  0.986226
4951.44326782227  0.9932985
4954.34255790711  0.988342
4957.24184799195  0.9908489
4960.14113807679  1.002093
4963.04042816163  0.9915946
4965.93971824647  0.9899241
4968.83900833131  0.9863529
4971.73829841614  0.9836743
4974.63758850098  0.9745534
4977.53687858582  0.9837756
4980.43616867066  0.9753893
4983.3354587555  0.9720368
4986.23474884034  0.9768345
4989.13403892518  0.9860207
4992.03332901002  0.9827234
4994.93261909486  0.9782014
4997.8319091797  0.9731992
5000.73119926454  0.9597244
5003.63048934937  0.9654586
5006.52977943421  0.9579207
5009.42906951905  0.950609
5012.32835960389  0.9582855
5015.22764968873  0.9636918
5018.12693977357  0.9701788
5021.02622985841  0.9698242
5023.92551994324  0.9690349
5026.82481002808  0.9709418
5029.72410011292  0.9647442
5032.62339019776  0.9684594
5035.5226802826  0.9608582
5038.42197036744  0.9655976
5041.32126045228  0.9732403
5044.22055053712  0.9850021
5047.11984062196  0.9832738
5050.01913070679  0.9864467
5052.91842079163  1.002413
5055.81771087647  0.9968771
5058.71700096131  0.9970496
5061.61629104615  0.9978141
5064.51558113099  0.9909831
5067.41487121583  0.9931487
5070.31416130067  0.9829211
5073.21345138551  0.9855273
5076.11274147035  0.9772217
5079.01203155518  0.985438
5081.91132164002  0.9932643
5084.81061172486  1.002324
5087.7099018097  1.001536
5090.60919189454  1.006957
5093.50848197938  1.002989
5096.40777206422  1.000159
5099.30706214906  0.9963508
5102.20635223389  1.008995
5105.10564231873  1.008173
5108.00493240357  1.003339
5110.90422248841  1.010349
5113.80351257325  1.010226
5116.70280265809  1.001509
5119.60209274293  0.9947096
5122.50138282777  1.000153
5125.40067291261  0.9934926
5128.29996299744  0.9884874
5131.19925308228  0.9781422
5134.09854316712  0.9860624
5136.99783325196  0.9750878
5139.8971233368  0.9811217
5142.79641342164  0.9775816
5145.69570350648  0.9799696
5148.59499359132  0.9888867
5151.49428367616  0.9787887
5154.39357376099  0.9811666
5157.29286384583  0.965709
5160.19215393067  0.9495097
5163.09144401551  0.9414884
5165.99073410035  0.946171
5168.89002418519  0.9374858
5171.78931427003  0.9507118
5174.68860435487  0.9492505
5177.58789443971  0.9582433
5180.48718452454  0.9510553
5183.38647460938  0.9550188
5186.28576469422  0.9715399
5189.18505477906  0.9686316
5192.0843448639  0.975641
5194.98363494874  0.9817153
5197.88292503358  0.9821995
5200.78221511842  0.9898009
5203.68150520326  0.9888189
5206.58079528809  1.004061
5209.48008537293  1.00593
5212.37937545777  0.9959506
5215.27866554261  0.9971851
5218.17795562745  0.9894582
5221.07724571229  1.000248
5223.97653579713  0.9949529
5226.87582588197  0.9860715
5229.7751159668  0.9966915
5232.67440605164  1.005935
5235.57369613648  1.014677
5238.47298622132  1.016198
5241.37227630616  1.015055
5244.271566391  1.016255
5247.17085647584  1.010366
5250.07014656068  0.9973571
5252.96943664551  0.9980016
5255.86872673035  0.980159
5258.76801681519  0.9675601
5261.66730690003  0.9627671
5264.56659698487  0.9584125
5267.46588706971  0.9649433
5270.36517715455  0.9683264
5273.26446723939  0.9766898
5276.16375732423  0.9987285
5279.06304740907  1.010887
5281.9623374939  1.009778
5284.86162757874  1.016784
5287.76091766358  1.021488
5290.66020774842  1.018455
5293.55949783326  1.018993
5296.4587879181  1.025002
5299.35807800294  1.034707
5302.25736808778  1.037795
5305.15665817262  1.028119
5308.05594825745  1.032402
5310.95523834229  1.032563
5313.85452842713  1.019866
5316.75381851197  1.011338
5319.65310859681  1.014412
5322.55239868165  1.012999
5325.45168876649  1.009206
5328.35097885133  1.005053
5331.25026893617  1.012102
5334.149559021  1.019556
5337.04884910584  1.016845
5339.94813919068  1.023929
5342.84742927552  1.025856
5345.74671936036  1.026892
5348.6460094452  1.042039
5351.54529953004  1.035759
5354.44458961488  1.024686
5357.34387969971  1.028338
5360.24316978455  1.02298
5363.14245986939  1.015973
5366.04174995423  1.016074
5368.94104003907  1.019924
5371.84033012391  1.020133
5374.73962020875  1.025337
5377.63891029359  1.025641
5380.53820037843  1.021428
5383.43749046326  1.02401
5386.3367805481  1.023151
5389.23607063294  1.010631
5392.13536071778  1.005413
5395.03465080262  1.004472
5397.93394088746  1.004334
5400.8332309723  0.9951802
5403.73252105714  0.993757
5406.63181114198  1.005509
5409.53110122682  1.013469
5412.43039131165  1.015112
5415.32968139649  1.01149
5418.22897148133  1.015872
5421.12826156617  1.018141
5424.02755165101  1.016178
5426.92684173585  1.018156
5429.82613182069  1.020887
5432.72542190553  1.028303
5435.62471199037  1.028937
5438.5240020752  1.028451
5441.42329216004  1.02939
5444.32258224488  1.024681
5447.22187232972  1.029185
5450.12116241456  1.028491
5453.0204524994  1.029105
5455.91974258424  1.026311
5458.81903266908  1.026516
5461.71832275391  1.026243
5464.61761283875  1.021141
5467.51690292359  1.01855
5470.41619300843  1.022615
5473.31548309327  1.021826
5476.21477317811  1.017697
5479.11406326295  1.023415
5482.01335334779  1.022295
5484.91264343263  1.017437
5487.81193351747  1.020837
5490.7112236023  1.017084
5493.61051368714  1.014066
5496.50980377198  1.018315
5499.40909385682  1.009107
5502.30838394166  1.011498
5505.2076740265  1.013567
5508.10696411134  1.021871
5511.00625419618  1.022703
5513.90554428102  1.021466
5516.80483436585  1.020987
5519.70412445069  1.012911
5522.60341453553  1.016963
5525.50270462037  1.017039
5528.40199470521  1.013661
5531.30128479005  1.023002
5534.20057487489  1.023175
5537.09986495973  1.027605
5539.99915504456  1.023461
5542.8984451294  1.023582
5545.79773521424  1.023676
5548.69702529908  1.028848
5551.59631538392  1.023378
5554.49560546876  1.023658
5557.3948955536  1.018477
5560.29418563844  1.019214
5563.19347572328  1.009023
5566.09276580811  1.013285
5568.99205589295  1.01388
5571.89134597779  1.014503
5574.79063606263  1.005922
5577.68992614747  1.005828
5580.58921623231  1.005767
5583.48850631715  0.9950919
5586.38779640199  0.9939053
5589.28708648683  0.9838615
5592.18637657166  0.9914148
5595.0856666565  1.000071
5597.98495674134  1.005394
5600.88424682618  1.007353
5603.78353691102  1.003683
5606.68282699586  1.000518
5609.5821170807  1.010897
5612.48140716554  1.003605
5615.38069725038  1.002252
5618.27998733521  1.005689
5621.17927742005  1.006348
5624.07856750489  1.012394
5626.97785758973  1.010048
5629.87714767457  0.9991776
5632.77643775941  1.007794
5635.67572784425  1.00561
5638.57501792909  1.00115
5641.47430801392  0.9979042
5644.37359809876  0.997646
5647.2728881836  0.9921026
5650.17217826844  0.9916334
5653.07146835328  0.9843068
5655.97075843812  0.9815926
5658.87004852296  0.9879931
5661.7693386078  0.9960399
5664.66862869264  0.9982296
5667.56791877747  0.9998352
5670.46720886231  0.9922408
5673.36649894715  0.9969928
5676.26578903199  0.9893553
5679.16507911683  0.9873981
5682.06436920167  0.9906943
5684.96365928651  0.9860801
5687.86294937135  0.9933899
5690.76223945619  0.9943141
5693.66152954103  0.9865204
5696.56081962586  0.9876122
5699.4601097107  0.984926
5702.35939979554  0.9819237
5705.25868988038  0.985239
5708.15797996522  0.9875112
5711.05727005006  0.9934932
5713.9565601349  0.9936611
5716.85585021974  0.9957178
5719.75514030458  1.000583
5722.65443038941  1.002059
5725.55372047425  1.003107
5728.45301055909  1.004216
5731.35230064393  1.001168
5734.25159072877  1.003447
5737.15088081361  0.9947695
5740.05017089845  0.9980502
5742.94946098329  0.9897663
5745.84875106812  0.992604
5748.74804115296  0.9843425
5751.6473312378  0.9812763
5754.54662132264  0.9907439
5757.44591140748  0.9894266
5760.34520149232  0.990819
5763.24449157716  0.9912018
5766.143781662  0.9896075
5769.04307174683  0.9883197
5771.94236183168  0.9832953
5774.84165191651  0.9825526
5777.74094200135  0.991875
5780.64023208619  0.9896881
5783.53952217103  0.989177
5786.43881225587  0.9896111
5789.33810234071  0.9868056
5792.23739242555  0.9896311
5795.13668251039  0.9900169
5798.03597259522  0.9932796
5800.93526268006  0.9963841
5803.8345527649  0.9927258
5806.73384284974  0.9981418
5809.63313293458  0.9939484
5812.53242301942  0.9981836
5815.43171310426  1.001805
5818.3310031891  1.002303
5821.23029327394  1.000788
5824.12958335877  1.001863
5827.02887344361  1.005213
5829.92816352845  1.004247
5832.82745361329  1.005097
5835.72674369813  1.00085
5838.62603378297  1.005431
5841.52532386781  1.004016
5844.42461395265  0.9947792
5847.32390403749  0.9936003
5850.22319412232  0.995086
5853.12248420716  0.991227
5856.021774292  0.9936332
5858.92106437684  0.9885722
5861.82035446168  0.9893039
5864.71964454652  0.9928151
5867.61893463136  0.9877336
5870.51822471619  0.98641
5873.41751480104  0.9739065
5876.31680488587  0.9624591
5879.21609497071  0.9558776
5882.11538505555  0.9349704
5885.01467514039  0.9276289
5887.91396522523  0.9320431
5890.81325531007  0.9262421
5893.71254539491  0.9340676
5896.61183547975  0.9404511
5899.51112556458  0.9457242
5902.41041564942  0.9484841
5905.30970573426  0.9507532
5908.2089958191  0.9542742
5911.10828590394  0.9502009
5914.00757598878  0.9537826
5916.90686607362  0.9553719
5919.80615615846  0.9580064
5922.7054462433  0.9601491
5925.60473632813  0.9597471
5928.50402641297  0.9646649
5931.40331649781  0.9573025
5934.30260658265  0.9563863
5937.20189666749  0.9597325
5940.10118675233  0.9551877
5943.00047683717  0.9542619
5945.89976692201  0.9527906
5948.79905700685  0.9613388
5951.69834709168  0.9674175
5954.59763717652  0.9694246
5957.49692726136  0.9683492
5960.3962173462  0.9716884
5963.29550743104  0.9768423
5966.19479751588  0.9719484
5969.09408760072  0.9747429
5971.99337768556  0.9766645
5974.8926677704  0.9747385
5977.79195785523  0.9715328
5980.69124794007  0.9754124
5983.59053802491  0.9745096
5986.48982810975  0.9756238
5989.38911819459  0.9802364
5992.28840827943  0.9810837
5995.18769836427  0.9765899
5998.08698844911  0.9794086
6000.98627853394  0.9788758
6003.88556861878  0.9778501
6006.78485870362  0.9772642
6009.68414878846  0.9793307
6012.5834388733  0.9808062
6015.48272895814  0.9832693
6018.38201904298  0.9810039
6021.28130912782  0.9807621
6024.18059921266  0.9918493
6027.0798892975  0.9875766
6029.97917938233  0.989578
6032.87846946717  0.9952744
6035.77775955201  0.9965814
6038.67704963685  0.9989671
6041.57633972169  0.9931984
6044.47562980653  1.00037
6047.37491989137  0.9924384
6050.27420997621  0.9924682
6053.17350006104  0.990774
6056.07279014588  0.9950995
6058.97208023072  0.9863994
6061.87137031556  0.9956697
6064.7706604004  0.9915828
6067.66995048524  0.9955604
6070.56924057008  0.995216
6073.46853065492  0.9932476
6076.36782073976  0.9917954
6079.26711082459  0.9842226
6082.16640090943  0.9896507
6085.06569099427  0.9884578
6087.96498107911  0.9879774
6090.86427116395  0.9874482
6093.76356124879  0.9852312
6096.66285133363  0.988488
6099.56214141847  0.9970745
6102.46143150331  0.9881464
6105.36072158814  0.9869126
6108.26001167298  0.9903755
6111.15930175782  0.9926411
6114.05859184266  0.9932668
6116.9578819275  0.9944745
6119.85717201234  0.9936319
6122.75646209718  0.9884613
6125.65575218202  0.9920276
6128.55504226686  0.9823194
6131.45433235169  0.9831666
6134.35362243653  0.9836727
6137.25291252137  0.9804505
6140.15220260621  0.9804403
6143.05149269105  0.9864737
6145.95078277589  0.9862389
6148.85007286073  0.980647
6151.74936294557  0.9837829
6154.64865303041  0.9817033
6157.54794311524  0.9713762
6160.44723320008  0.9797264
6163.34652328492  0.9762657
6166.24581336976  0.9820634
6169.1451034546  0.9848074
6172.04439353944  0.9961234
6174.94368362428  0.9949995
6177.84297370912  0.9971978
6180.74226379396  0.995249
6183.64155387879  1.000915
6186.54084396363  0.9995809
6189.44013404847  0.9931411
6192.33942413331  1.001243
6195.23871421815  1.001191
6198.13800430299  1.007798
6201.03729438783  1.00396
6203.93658447267  1.002666
6206.83587455751  1.002308
6209.73516464235  1.002669
6212.63445472718  1.002654
6215.53374481202  1.001597
6218.43303489686  0.9952539
6221.3323249817  0.9920321
6224.23161506654  0.9999972
6227.13090515138  0.9951968
6230.03019523622  0.9894511
6232.92948532106  0.9871362
6235.82877540589  0.9906736
6238.72806549073  0.9883366
6241.62735557557  0.9886795
6244.52664566041  0.9717581
6247.42593574525  0.9776371
6250.32522583009  0.9835918
6253.22451591493  0.9882077
6256.12380599977  0.9910391
6259.0230960846  0.9914043
6261.92238616944  0.9909596
6264.82167625428  0.9872519
6267.72096633912  0.9904102
6270.62025642396  0.9854554
6273.5195465088  0.9831015
6276.41883659364  0.9862679
6279.31812667848  0.9806181
6282.21741676332  0.9777707
6285.11670684816  0.9855276
6288.01599693299  0.9870611
6290.91528701783  0.9860753
6293.81457710267  0.9923326
6296.71386718751  0.9884938
6299.61315727235  0.9963796
6302.51244735719  0.9900955
6305.41173744203  0.9863064
6308.31102752687  0.9987921
6311.21031761171  0.9961442
6314.10960769654  0.997953
6317.00889778138  0.9925421
6319.90818786622  0.9975141
6322.80747795106  1.005843
6325.7067680359  1.007321
6328.60605812074  1.011335
6331.50534820558  1.010923
6334.40463829042  1.001382
6337.30392837525  1.006763
6340.20321846009  1.011529
6343.10250854493  1.014408
6346.00179862977  1.007434
6348.90108871461  1.011054
6351.80037879945  1.007012
6354.69966888429  1.007568
6357.59895896913  1.020765
6360.49824905397  1.017896
6363.39753913881  1.01028
6366.29682922364  1.014071
6369.19611930848  1.018554
6372.09540939332  1.022613
6374.99469947816  1.024059
6377.893989563  1.020142
6380.79327964784  1.017584
6383.69256973268  1.019652
6386.59185981752  1.020721
6389.49114990236  1.017929
6392.3904399872  1.018503
6395.28973007203  1.020848
6398.18902015687  1.018352
6401.08831024171  1.00958
6403.98760032655  1.007248
6406.88689041139  1.011072
6409.78618049623  1.013367
6412.68547058107  1.006575
6415.5847606659  1.009577
6418.48405075074  1.010687
6421.38334083558  1.01555
6424.28263092042  1.018194
6427.18192100526  1.015979
6430.0812110901  1.014767
6432.98050117494  1.017813
6435.87979125978  1.019802
6438.77908134462  1.022848
6441.67837142946  1.015463
6444.57766151429  1.011696
6447.47695159913  1.010637
6450.37624168397  1.008156
6453.27553176881  1.001929
6456.17482185365  0.9999151
6459.07411193849  1.000033
6461.97340202333  1.000062
6464.87269210816  0.9956819
6467.77198219301  0.9976325
6470.67127227784  0.9957478
6473.57056236268  0.999935
6476.46985244752  0.9910654
6479.36914253236  0.9884042
6482.2684326172  0.9913932
6485.16772270204  0.9860789
6488.06701278688  0.9846063
6490.96630287171  0.9914348
6493.86559295655  0.9989618
6496.76488304139  1.007311
6499.66417312623  1.008099
6502.56346321107  1.009257
6505.46275329591  1.008125
6508.36204338075  1.009395
6511.26133346559  1.006994
6514.16062355043  1.00349
6517.05991363527  1.006797
6519.9592037201  1.012562
6522.85849380494  1.020385
6525.75778388978  1.011425
6528.65707397462  1.016475
6531.55636405946  1.004692
6534.4556541443  0.9961315
6537.35494422914  1.001862
6540.25423431398  0.9778482
6543.15352439882  0.9630878
6546.05281448365  0.9380479
6548.95210456849  0.9016114
6551.85139465333  0.8780117
6554.75068473817  0.8656762
6557.64997482301  0.8606215
6560.54926490785  0.8649392
6563.44855499269  0.8750102
6566.34784507753  0.9072107
6569.24713516237  0.9400817
6572.1464252472  0.9604371
6575.04571533204  0.9762466
6577.94500541688  0.9910112
6580.84429550172  0.9982949
6583.74358558656  0.9999599
6586.6428756714  1.006215
6589.54216575624  1.005911
6592.44145584107  1.00802
6595.34074592591  1.009638
6598.24003601075  1.015419
6601.13932609559  1.02684
6604.03861618043  1.025205
6606.93790626527  1.023454
6609.83719635011  1.026403
6612.73648643495  1.031564
6615.63577651979  1.027369
6618.53506660463  1.033776
6621.43435668946  1.037939
6624.3336467743  1.040541
6627.23293685914  1.032617
6630.13222694398  1.032252
6633.03151702882  1.02699
6635.93080711366  1.028263
6638.8300971985  1.039874
6641.72938728334  1.042199
6644.62867736818  1.030637
6647.52796745301  1.032173
6650.42725753785  1.030185
6653.32654762269  1.040261
6656.22583770753  1.042709
6659.12512779237  1.037555
6662.02441787721  1.033338
6664.92370796205  1.029501
6667.82299804689  1.034475
6670.72228813173  1.035077
6673.62157821656  1.033002
6676.5208683014  1.035855
6679.42015838624  1.03825
6682.31944847108  1.042667
6685.21873855592  1.041569
6688.11802864076  1.036157
6691.0173187256  1.033294
6693.91660881044  1.035467
6696.81589889528  1.032603
6699.71518898011  1.041714
6702.61447906495  1.034384
6705.51376914979  1.031699
6708.41305923463  1.031777
6711.31234931947  1.034032
6714.21163940431  1.02459
6717.11092948915  1.029866
6720.01021957398  1.031398
6722.90950965883  1.029408
6725.80879974366  1.027354
6728.7080898285  1.026717
6731.60737991334  1.032092
6734.50666999818  1.027941
6737.40596008302  1.029824
6740.30525016786  1.030343
6743.2045402527  1.027515
6746.10383033754  1.029852
6749.00312042237  1.032065
6751.90241050721  1.022288
6754.80170059205  1.026232
6757.70099067689  1.021355
6760.60028076173  1.019921
6763.49957084657  1.025852
6766.39886093141  1.025692
6769.29815101625  1.021142
6772.19744110109  1.016954
6775.09673118592  1.025922
6777.99602127076  1.018065
6780.8953113556  1.028979
6783.79460144044  1.027068
6786.69389152528  1.022103
6789.59318161012  1.022149
6792.49247169496  1.017707
6795.3917617798  1.013924
6798.29105186464  1.020329
6801.19034194948  1.018317
6804.08963203431  1.013611
6806.98892211915  1.013763
6809.88821220399  1.011109
6812.78750228883  1.020192
6815.68679237367  1.013562
6818.58608245851  1.016715
6821.48537254335  1.011577
6824.38466262819  1.011475
6827.28395271302  1.008942
6830.18324279786  1.008394
6833.0825328827  1.002684
6835.98182296754  1.006307
6838.88111305238  1.007018
6841.78040313722  1.004059
6844.67969322206  0.9958975
6847.5789833069  0.99762
6850.47827339173  0.9823304
6853.37756347657  0.9543865
6856.27685356141  0.9267141
6859.17614364625  0.8996472
6862.07543373109  0.8777684
6864.97472381593  0.8589908
6867.87401390077  0.8525123
6870.77330398561  0.8458964
6873.67259407045  0.8524461
6876.57188415529  0.8650953
6879.47117424012  0.8793635
6882.37046432496  0.885621
6885.2697544098  0.8933751
6888.16904449464  0.8887483
6891.06833457948  0.8954631
6893.96762466432  0.9051308
6896.86691474916  0.9069864
6899.766204834  0.9173642
6902.66549491883  0.925877
6905.56478500367  0.9302016
6908.46407508851  0.9368274
6911.36336517335  0.9402565
6914.26265525819  0.9398944
6917.16194534303  0.9374939
6920.06123542787  0.9381444
6922.96052551271  0.9407555
6925.85981559755  0.9326905
6928.75910568238  0.9248394
6931.65839576722  0.9262016
6934.55768585206  0.9296459
6937.4569759369  0.9204575
6940.35626602174  0.9254555
6943.25555610658  0.9201934
6946.15484619142  0.9244262
6949.05413627626  0.9374274
6951.9534263611  0.9470526
6954.85271644593  0.9573392
6957.75200653077  0.9627105
6960.65129661561  0.9659356
6963.55058670045  0.9634806
6966.44987678529  0.967637
6969.34916687013  0.9678926
6972.24845695497  0.9642222
6975.14774703981  0.9566441
6978.04703712465  0.9464562
6980.94632720949  0.9494811
6983.84561729432  0.9475365
6986.74490737916  0.936651
6989.644197464  0.9306222
6992.54348754884  0.931103
6995.44277763368  0.9251745
6998.34206771852  0.9294534
7001.24135780336  0.9268299
7004.1406478882  0.9261397
7007.03993797303  0.933075
7009.93922805787  0.9206859
7012.83851814271  0.932596
7015.73780822755  0.9302178
7018.63709831239  0.9409704
7021.53638839723  0.9348183
7024.43567848207  0.946988
7027.33496856691  0.9434541
7030.23425865175  0.9452466
7033.13354873658  0.9564244
7036.03283882142  0.9525467
7038.93212890626  0.9534286
7041.8314189911  0.9595532
7044.73070907594  0.9556723
7047.62999916078  0.952402
7050.52928924562  0.9574754
7053.42857933046  0.9539602
7056.3278694153  0.9602198
7059.22715950014  0.9624034
7062.12644958497  0.9659325
7065.02573966981  0.9672812
7067.92502975465  0.9591924
7070.82431983949  0.962391
7073.72360992433  0.9604423
7076.62290000917  0.9661721
7079.52219009401  0.968971
7082.42148017884  0.9685435
7085.32077026368  0.9613072
7088.22006034852  0.9635779
7091.11935043336  0.9649172
7094.0186405182  0.9651442
7096.91793060304  0.9658809
7099.81722068788  0.9680593
7102.71651077272  0.966882
7105.61580085756  0.9675779
7108.51509094239  0.9652202
7111.41438102723  0.9675933
7114.31367111207  0.9672633
7117.21296119691  0.963054
7120.11225128175  0.9663797
7123.01154136659  0.9687023
7125.91083145143  0.9646534
7128.81012153627  0.9604346
7131.70941162111  0.9594341
7134.60870170595  0.9557129
7137.50799179078  0.959923
7140.40728187562  0.9543963
7143.30657196046  0.9473771
7146.2058620453  0.9410361
7149.10515213014  0.9308043
7152.00444221498  0.9157948
7154.90373229982  0.9063879
7157.80302238466  0.8883366
7160.7023124695  0.8574561
7163.60160255434  0.8301744
7166.50089263917  0.8084081
7169.40018272401  0.7946457
7172.29947280885  0.7761107
7175.19876289369  0.7632987
7178.09805297853  0.7525787
7180.99734306337  0.7460269
7183.89663314821  0.7439802
7186.79592323305  0.7364578
7189.69521331788  0.7449453
7192.59450340272  0.7506329
7195.49379348756  0.7640306
7198.3930835724  0.7907635
7201.29237365724  0.8062357
7204.19166374208  0.826355
7207.09095382692  0.8503292
7209.99024391176  0.8674961
7212.8895339966  0.8693728
7215.78882408143  0.8734378
7218.68811416627  0.869523
7221.58740425111  0.8531955
7224.48669433595  0.8376822
7227.38598442079  0.8278307
7230.28527450563  0.8164574
7233.18456459047  0.8088014
7236.08385467531  0.7979615
7238.98314476014  0.7913418
7241.88243484498  0.8050995
7244.78172492982  0.8027807
7247.68101501466  0.7989845
7250.5803050995  0.8113369
7253.47959518434  0.8130497
7256.37888526918  0.81188
7259.27817535402  0.8165404
7262.17746543886  0.8157356
7265.07675552369  0.8135498
7267.97604560853  0.8206442
7270.87533569337  0.828003
7273.77462577821  0.8206497
7276.67391586305  0.8114189
7279.57320594789  0.8194782
7282.47249603273  0.8298301
7285.37178611757  0.8277923
7288.27107620241  0.823487
7291.17036628724  0.8306294
7294.06965637208  0.8286237
7296.96894645692  0.8382282
7299.86823654176  0.8466983
7302.7675266266  0.848495
7305.66681671144  0.8553697
7308.56610679628  0.8654184
7311.46539688112  0.8737233
7314.36468696596  0.8791206
7317.26397705079  0.8892229
7320.16326713563  0.9104294
7323.06255722047  0.9124566
7325.96184730531  0.9316809
7328.86113739015  0.9335648
7331.76042747499  0.939545
7334.65971755983  0.9417523
7337.55900764467  0.9452459
7340.45829772951  0.9539624
7343.35758781434  0.9554795
7346.25687789918  0.9539245
7349.15616798402  0.9455694
7352.05545806886  0.9414173
7354.9547481537  0.9502669
7357.85403823854  0.9582906
7360.75332832338  0.955609
7363.65261840822  0.9561234
7366.55190849305  0.9700206
7369.45119857789  0.9796697
7372.35048866273  0.9927514
7375.24977874757  0.9856111
7378.14906883241  0.9777982
7381.04835891725  0.9824721
7383.94764900209  0.9813478
7386.84693908693  0.97412
7389.74622917177  0.9767833
7392.64551925661  0.9784011
7395.54480934144  0.9845495
7398.44409942628  0.9811578
7401.34338951112  0.9803715
7404.24267959596  0.9876761
7407.1419696808  0.9848251
7410.04125976564  0.9900951
7412.94054985048  0.9916195
7415.83983993532  0.9914744
7418.73913002016  1.002518
7421.63842010499  1.009144
7424.53771018983  1.00439
7427.43700027467  1.007415
7430.33629035951  1.009438
7433.23558044435  1.014969
7436.13487052919  1.010698
7439.03416061403  1.00937
7441.93345069886  1.024078
7444.8327407837  1.018371
7447.73203086854  1.014881
7450.63132095338  1.01291
7453.53061103822  1.021255
7456.42990112306  1.022975
7459.3291912079  1.013676
7462.22848129274  1.024005
7465.12777137758  1.025449
7468.02706146242  1.0222
7470.92635154725  1.030958
7473.82564163209  1.029071
7476.72493171693  1.028451
7479.62422180177  1.028808
7482.52351188661  1.024257
7485.42280197145  1.024305
7488.32209205629  1.030354
7491.22138214113  1.043649
7494.12067222597  1.058935
7497.0199623108  1.057522
7499.91925239564  1.055282
7502.81854248048  1.047336
7505.71783256532  1.043135
7508.61712265016  1.051094
7511.516412735  1.039397
7514.41570281984  1.03376
7517.31499290468  1.021308
7520.21428298952  1.03283
7523.11357307435  1.029552
7526.01286315919  1.028141
7528.91215324403  1.029604
7531.81144332887  1.027851
7534.71073341371  1.029139
7537.61002349855  1.027766
7540.50931358339  1.026241
7543.40860366823  1.034765
7546.30789375306  1.024797
7549.2071838379  1.030163
7552.10647392274  1.028646
7555.00576400758  1.028695
7557.90505409242  1.032723
7560.80434417726  1.033009
7563.7036342621  1.029913
7566.60292434694  1.033217
7569.50221443178  1.028183
7572.40150451662  1.020096
7575.30079460145  0.9939793
7578.20008468629  0.9533923
7581.09937477113  0.9053663
7583.99866485597  0.8307185
7586.89795494081  0.7384214
7589.79724502565  0.6533039
7592.69653511049  0.5711854
7595.59582519533  0.5008835
7598.49511528016  0.4660155
7601.394405365  0.4619187
7604.29369544984  0.4750765
7607.19298553468  0.4929429
7610.09227561952  0.5205301
7612.99156570436  0.5562677
7615.8908557892  0.5813719
7618.79014587404  0.6061229
7621.68943595888  0.6260068
7624.58872604371  0.6308445
7627.48801612855  0.6283605
7630.38730621339  0.6367804
7633.28659629823  0.6434607
7636.18588638307  0.658415
7639.08517646791  0.6787089
7641.98446655275  0.7000824
7644.88375663759  0.7366555
7647.78304672243  0.767922
7650.68233680726  0.8051812
7653.5816268921  0.8322913
7656.48091697694  0.8514714
7659.38020706178  0.8686047
7662.27949714662  0.9024549
7665.17878723146  0.9202937
7668.0780773163  0.9411321
7670.97736740114  0.9576935
7673.87665748597  0.9712173
7676.77594757081  0.9865046
7679.67523765565  0.9894359
7682.57452774049  0.9996118
7685.47381782533  1.006924
7688.37310791017  1.007105
7691.27239799501  1.002074
7694.17168807985  1.018963
7697.07097816469  1.017736
7699.97026824953  1.032758
7702.86955833437  1.026591
7705.7688484192  1.032366
7708.66813850404  1.028807
7711.56742858888  1.058269
7714.46671867372  1.057215
7717.36600875856  1.055344
7720.2652988434  1.042497
7723.16458892824  1.037889
7726.06387901308  1.028685
7728.96316909791  1.034129
7731.86245918275  1.024907
7734.76174926759  1.023969
7737.66103935243  1.014488
7740.56032943727  1.018287
7743.45961952211  1.013268
7746.35890960695  1.029603
7749.25819969179  1.022796
7752.15748977663  1.028013
7755.05677986147  1.02347
7757.9560699463  1.015436
7760.85536003114  1.025366
7763.75465011598  1.011486
7766.65394020082  1.007862
7769.55323028566  1.005045
7772.4525203705  1.017637
7775.35181045534  1.00472
7778.25110054017  1.010034
7781.15039062501  1.01758
7784.04968070985  1.007898
7786.94897079469  1.01137
7789.84826087953  1.014657
7792.74755096437  1.006097
7795.64684104921  1.008308
7798.54613113405  1.006192
7801.44542121889  1.003361
7804.34471130373  1.0121
7807.24400138856  1.011794
7810.1432914734  0.9982069
7813.04258155824  1.004646
7815.94187164308  0.9959136
7818.84116172792  0.9955239
7821.74045181276  1.001153
7824.6397418976  0.9977177
7827.53903198244  0.9950536
7830.43832206728  0.993771
7833.33761215211  0.9884028
7836.23690223695  0.9960428
7839.13619232179  0.9845344
7842.03548240663  0.9871488
7844.93477249147  0.9865965
7847.83406257631  0.9801699
7850.73335266115  0.9764509
7853.63264274599  0.9763348
7856.53193283082  0.9697918
7859.43122291566  0.9716499
7862.3305130005  0.9539099
7865.22980308534  0.9644717
7868.12909317018  0.9584092
7871.02838325502  0.9561318
7873.92767333986  0.952492
7876.8269634247  0.9521881
7879.72625350954  0.9475167
7882.62554359438  0.9408489
7885.52483367921  0.9334534
7888.42412376405  0.9360697
7891.32341384889  0.9448518
7894.22270393373  0.9306024
7897.12199401857  0.9299031
