4087.67456054687  0.7444995
4090.5705833435  0.7467629
4093.46660614014  0.7490391
4096.36262893677  0.7310477
4099.2586517334  0.7022792
4102.15467453003  0.6721488
4105.05069732666  0.6261463
4107.94672012329  0.6211771
4110.84274291992  0.6176184
4113.73876571655  0.6130823
4116.63478851318  0.6167257
4119.53081130981  0.6457191
4122.42683410645  0.6626766
4125.32285690308  0.6827616
4128.21887969971  0.7237915
4131.11490249634  0.7497362
4134.01092529297  0.8177182
4136.9069480896  0.8460085
4139.80297088623  0.8680157
4142.69899368286  0.8804299
4145.59501647949  0.9181944
4148.49103927612  0.9548101
4151.38706207275  0.946412
4154.28308486938  0.974416
4157.17910766602  0.966031
4160.07513046265  0.971998
4162.97115325928  0.997203
4165.86717605591  0.9952525
4168.76319885254  0.977869
4171.65922164917  0.9739038
4174.5552444458  0.9692312
4177.45126724243  0.9582787
4180.34729003906  0.9568469
4183.24331283569  0.9681021
4186.13933563232  0.9828268
4189.03535842895  0.9845998
4191.93138122559  0.9822394
4194.82740402222  0.9882417
4197.72342681885  0.9862192
4200.61944961548  0.979979
4203.51547241211  1.004236
4206.41149520874  0.9922699
4209.30751800537  0.9944249
4212.203540802  1.004647
4215.09956359863  1.012234
4217.99558639526  1.020481
4220.89160919189  1.009016
4223.78763198853  1.004659
4226.68365478516  1.000314
4229.57967758179  1.017577
4232.47570037842  1.018687
4235.37172317505  1.010617
4238.26774597168  1.004678
4241.16376876831  1.001839
4244.05979156494  0.9935701
4246.95581436157  0.9881098
4249.8518371582  0.9877796
4252.74785995483  0.9894848
4255.64388275146  0.9991693
4258.5399055481  0.9891498
4261.43592834473  0.9999422
4264.33195114136  1.005514
4267.22797393799  0.999285
4270.12399673462  0.9838977
4273.02001953125  0.9911884
4275.91604232788  0.9826946
4278.81206512451  1.006357
4281.70808792114  0.9883482
4284.60411071777  0.9894049
4287.5001335144  0.9766455
4290.39615631103  0.9967374
4293.29217910767  0.9843227
4296.1882019043  0.9988315
4299.08422470093  0.9742559
4301.98024749756  0.9921336
4304.87627029419  0.957294
4307.77229309082  0.9791518
4310.66831588745  0.9741132
4313.56433868408  0.9701111
4316.46036148071  0.9583344
4319.35638427734  0.94648
4322.25240707397  0.9380987
4325.14842987061  0.9125449
4328.04445266724  0.9123385
4330.94047546387  0.8765584
4333.8364982605  0.8298683
4336.73252105713  0.7809694
4339.62854385376  0.7272051
4342.52456665039  0.6825165
4345.42058944702  0.6535681
4348.31661224365  0.6462021
4351.21263504028  0.6213685
4354.10865783691  0.615544
4357.00468063355  0.6304755
4359.90070343018  0.66654
4362.79672622681  0.6923557
4365.69274902344  0.7442061
4368.58877182007  0.8082265
4371.4847946167  0.855566
4374.38081741333  0.8933377
4377.27684020996  0.9234153
4380.17286300659  0.9517466
4383.06888580322  0.9587191
4385.96490859985  0.9806758
4388.86093139648  0.978137
4391.75695419311  0.9930168
4394.65297698975  0.9723061
4397.54899978638  0.9946393
4400.44502258301  0.9736977
4403.34104537964  0.9892591
4406.23706817627  1.00604
4409.1330909729  0.9894994
4412.02911376953  0.9943804
4414.92513656616  0.9941903
4417.82115936279  0.9954057
4420.71718215942  0.9924173
4423.61320495605  1.001816
4426.50922775268  1.012833
4429.40525054932  1.012452
4432.30127334595  0.9971743
4435.19729614258  1.028618
4438.09331893921  1.007255
4440.98934173584  1.007468
4443.88536453247  1.003789
4446.7813873291  1.014027
4449.67741012573  1.021803
4452.57343292236  1.005421
4455.46945571899  1.012117
4458.36547851563  1.012156
4461.26150131226  1.021052
4464.15752410889  1.004558
4467.05354690552  1.01915
4469.94956970215  1.011013
4472.84559249878  1.003302
4475.74161529541  1.011287
4478.63763809204  1.00441
4481.53366088867  0.9984656
4484.4296836853  0.9953187
4487.32570648193  0.9950937
4490.22172927856  0.9939829
4493.1177520752  0.9911888
4496.01377487183  0.9953905
4498.90979766846  1.002351
4501.80582046509  1.001928
4504.70184326172  0.9935323
4507.59786605835  1.000108
4510.49388885498  1.006579
4513.38991165161  1.009077
4516.28593444824  1.008776
4519.18195724487  1.003289
4522.0779800415  1.009672
4524.97400283813  1.0115
4527.87002563477  1.007486
4530.7660484314  1.000252
4533.66207122803  1.011416
4536.55809402466  1.011534
4539.45411682129  0.9982803
4542.35013961792  1.003524
4545.24616241455  0.9997237
4548.14218521118  0.9925616
4551.03820800781  1.000868
4553.93423080444  0.9941415
4556.83025360107  0.9916934
4559.72627639771  0.9854189
4562.62229919434  0.9821336
4565.51832199097  0.9858401
4568.4143447876  0.9865921
4571.31036758423  0.9883258
4574.20639038086  0.9865932
4577.10241317749  0.9934188
4579.99843597412  0.9838438
4582.89445877075  0.9871638
4585.79048156738  0.9940047
4588.68650436401  0.9920485
4591.58252716065  0.9877309
4594.47854995728  0.9895931
4597.37457275391  0.9833499
4600.27059555054  0.9920514
4603.16661834717  0.9923761
4606.0626411438  0.9948046
4608.95866394043  0.9967756
4611.85468673706  1.015776
4614.75070953369  1.000327
4617.64673233032  1.003535
4620.54275512695  0.9903956
4623.43877792358  1.007032
4626.33480072021  1.001212
4629.23082351685  1.001624
4632.12684631348  0.9937636
4635.02286911011  1.000317
4637.91889190674  0.9962664
4640.81491470337  0.993361
4643.7109375  0.9915457
4646.60696029663  1.008289
4649.50298309326  0.9978865
4652.39900588989  0.9918247
4655.29502868652  1.00171
4658.19105148316  1.001379
4661.08707427979  1.00563
4663.98309707642  0.9974887
4666.87911987305  1.004548
4669.77514266968  1.007705
4672.67116546631  1.004929
4675.56718826294  0.9978631
4678.46321105957  0.9964331
4681.3592338562  0.9999195
4684.25525665283  1.003257
4687.15127944946  0.9995366
4690.0473022461  0.9989387
4692.94332504273  1.004139
4695.83934783936  0.9966593
4698.73537063599  0.9971012
4701.63139343262  1.001753
4704.52741622925  0.9949257
4707.42343902588  1.006949
4710.31946182251  0.9992225
4713.21548461914  0.9977926
4716.11150741577  1.001989
4719.0075302124  0.9989088
4721.90355300903  1.003601
4724.79957580567  0.9991831
4727.6955986023  1.00319
4730.59162139893  0.9964963
4733.48764419556  0.9940704
4736.38366699219  0.9932183
4739.27968978882  1.002715
4742.17571258545  0.9964601
4745.07173538208  0.9928817
4747.96775817871  0.9909915
4750.86378097534  0.9880156
4753.75980377197  1.001758
4756.6558265686  0.9974509
4759.55184936524  0.9938987
4762.44787216187  0.9858245
4765.3438949585  0.9983546
4768.23991775513  0.9999785
4771.13594055176  1.000537
4774.03196334839  0.9838076
4776.92798614502  0.9891315
4779.82400894165  0.9843615
4782.72003173828  0.9860085
4785.61605453491  0.9837345
4788.51207733154  0.9842579
4791.40810012818  0.9923646
4794.30412292481  0.984974
4797.20014572144  0.9884537
4800.09616851807  0.9996045
4802.9921913147  0.9840055
4805.88821411133  0.9917335
4808.78423690796  0.9873766
4811.68025970459  0.9797143
4814.57628250122  0.9872601
4817.47230529785  0.9799645
4820.36832809448  0.9836437
4823.26435089111  0.982213
4826.16037368775  0.9814374
4829.05639648438  0.974985
4831.95241928101  0.972038
4834.84844207764  0.9745191
4837.74446487427  0.9501829
4840.6404876709  0.9518422
4843.53651046753  0.9220107
4846.43253326416  0.912104
4849.32855606079  0.8967368
4852.22457885742  0.8666193
4855.12060165405  0.8283189
4858.01662445069  0.7710336
4860.91264724732  0.7163773
4863.80867004395  0.6589264
4866.70469284058  0.6270763
4869.60071563721  0.6038181
4872.49673843384  0.5991443
4875.39276123047  0.6060115
4878.2887840271  0.6250436
4881.18480682373  0.669924
4884.08082962036  0.72766
4886.97685241699  0.7745587
4889.87287521362  0.8367921
4892.76889801025  0.8657838
4895.66492080689  0.8922733
4898.56094360352  0.9198572
4901.45696640015  0.9351882
4904.35298919678  0.9360682
4907.24901199341  0.954296
4910.14503479004  0.9661148
4913.04105758667  0.9699379
4915.9370803833  0.9719495
4918.83310317993  0.9727637
4921.72912597656  0.9808424
4924.62514877319  0.9746603
4927.52117156982  0.9829295
4930.41719436646  0.9847649
4933.31321716309  0.9795251
4936.20923995972  0.9841366
4939.10526275635  0.9874086
4942.00128555298  0.9878051
4944.89730834961  0.9897184
4947.79333114624  0.9945635
4950.68935394287  0.9976358
4953.5853767395  0.9964672
4956.48139953613  1.000627
4959.37742233277  0.9952883
4962.2734451294  0.9985231
4965.16946792603  0.9983099
4968.06549072266  0.9950124
4970.96151351929  1.000006
4973.85753631592  0.9971285
4976.75355911255  1.000392
4979.64958190918  0.9936171
4982.54560470581  0.9982957
4985.44162750244  0.9978639
4988.33765029907  1.010944
4991.23367309571  1.003269
4994.12969589234  1.001379
4997.02571868897  0.9947103
4999.9217414856  1.002673
5002.81776428223  0.9979103
5005.71378707886  0.9978892
5008.60980987549  0.9943444
5011.50583267212  0.9949144
5014.40185546875  0.9948675
5017.29787826538  0.9958949
5020.19390106201  0.9832535
5023.08992385864  0.9884179
5025.98594665528  0.9896966
5028.88196945191  0.9906397
5031.77799224854  0.9906738
5034.67401504517  0.9814134
5037.5700378418  0.9926751
5040.46606063843  0.9854957
5043.36208343506  0.9963476
5046.25810623169  0.984513
5049.15412902832  0.9936437
5052.05015182495  0.9927328
5054.94617462158  0.997602
5057.84219741821  0.9904583
5060.73822021485  0.9868178
5063.63424301148  0.9954155
5066.53026580811  0.9929621
5069.42628860474  0.9936358
5072.32231140137  1.001171
5075.218334198  0.9989954
5078.11435699463  1.005429
5081.01037979126  1.008312
5083.90640258789  1.00412
5086.80242538452  1.002683
5089.69844818115  1.00251
5092.59447097779  1.005714
5095.49049377442  1.008526
5098.38651657105  1.006332
5101.28253936768  1.009705
5104.17856216431  1.008202
5107.07458496094  1.009964
5109.97060775757  1.005902
5112.8666305542  1.007344
5115.76265335083  1.011928
5118.65867614746  1.005532
5121.55469894409  1.012433
5124.45072174072  1.015832
5127.34674453736  1.010671
5130.24276733399  1.008672
5133.13879013062  1.013226
5136.03481292725  1.017055
5138.93083572388  1.013128
5141.82685852051  1.00605
5144.72288131714  1.00835
5147.61890411377  1.007956
5150.5149269104  1.014474
5153.41094970703  1.0128
5156.30697250366  1.008884
5159.2029953003  1.014922
5162.09901809693  1.007311
5164.99504089356  1.00999
5167.89106369019  1.007104
5170.78708648682  1.000781
5173.68310928345  0.9963562
5176.57913208008  1.002033
5179.47515487671  0.9993989
5182.37117767334  0.9982361
5185.26720046997  0.9915984
5188.1632232666  0.9939306
5191.05924606324  0.9928227
5193.95526885987  0.9953288
5196.8512916565  1.005824
5199.74731445313  1.003464
5202.64333724976  0.9987229
5205.53936004639  1.00824
5208.43538284302  1.012559
5211.33140563965  1.009261
5214.22742843628  1.008048
5217.12345123291  1.014602
5220.01947402954  1.017886
5222.91549682617  1.015757
5225.81151962281  1.012891
5228.70754241944  1.00618
5231.60356521607  1.012254
5234.4995880127  1.011851
5237.39561080933  1.00446
5240.29163360596  1.004788
5243.18765640259  1.008353
5246.08367919922  1.014083
5248.97970199585  1.01538
5251.87572479248  1.015919
5254.77174758911  1.017275
5257.66777038574  1.013918
5260.56379318238  1.015012
5263.45981597901  1.02229
5266.35583877564  1.01797
5269.25186157227  1.013124
5272.1478843689  1.011503
5275.04390716553  1.00655
5277.93992996216  1.003465
5280.83595275879  1.003295
5283.73197555542  1.001779
5286.62799835205  1.002774
5289.52402114868  1.008211
5292.42004394532  1.008734
5295.31606674195  1.012814
5298.21208953858  1.017238
5301.10811233521  1.018287
5304.00413513184  1.019414
5306.90015792847  1.020589
5309.7961807251  1.029506
5312.69220352173  1.029085
5315.58822631836  1.013463
5318.48424911499  1.013144
5321.38027191162  1.018054
5324.27629470825  1.013919
5327.17231750488  1.009238
5330.06834030152  1.007299
5332.96436309815  1.015194
5335.86038589478  1.011356
5338.75640869141  1.010412
5341.65243148804  1.006727
5344.54845428467  1.015551
5347.4444770813  1.013426
5350.34049987793  1.013982
5353.23652267456  1.021258
5356.13254547119  1.015984
5359.02856826782  1.022015
5361.92459106446  1.026706
5364.82061386109  1.020355
5367.71663665772  1.021909
5370.61265945435  1.022689
5373.50868225098  1.021127
5376.40470504761  1.019915
5379.30072784424  1.023268
5382.19675064087  1.017177
5385.0927734375  1.015454
5387.98879623413  1.017887
5390.88481903076  1.018117
5393.7808418274  1.026013
5396.67686462403  1.02439
5399.57288742066  1.015302
5402.46891021729  1.015493
5405.36493301392  1.020696
5408.26095581055  1.018499
5411.15697860718  1.018737
5414.05300140381  1.008162
5416.94902420044  1.018777
5419.84504699707  1.015408
5422.7410697937  1.025437
5425.63709259033  1.01697
5428.53311538697  1.011899
5431.4291381836  1.01316
5434.32516098023  1.015049
5437.22118377686  1.013515
5440.11720657349  1.011844
5443.01322937012  1.016989
5445.90925216675  1.017646
5448.80527496338  1.010968
5451.70129776001  1.018016
5454.59732055664  1.015459
5457.49334335327  1.018648
5460.38936614991  1.021416
5463.28538894654  1.015313
5466.18141174317  1.017927
5469.0774345398  1.01578
5471.97345733643  1.014548
5474.86948013306  1.017777
5477.76550292969  1.011719
5480.66152572632  1.012445
5483.55754852295  1.020281
5486.45357131958  1.014777
5489.34959411621  1.01407
5492.24561691285  1.016754
5495.14163970948  1.011743
5498.03766250611  1.010528
5500.93368530274  1.016566
5503.82970809937  1.010329
5506.725730896  1.013997
5509.62175369263  1.008577
5512.51777648926  1.009766
5515.41379928589  1.009771
5518.30982208252  1.014663
5521.20584487915  1.01539
5524.10186767578  1.014436
5526.99789047241  1.009115
5529.89391326905  1.012169
5532.78993606568  1.013384
5535.68595886231  1.012361
5538.58198165894  1.010004
5541.47800445557  1.011732
5544.3740272522  1.002523
5547.27005004883  1.008635
5550.16607284546  1.004091
5553.06209564209  1.010434
5555.95811843872  1.006835
5558.85414123535  1.009954
5561.75016403198  1.0093
5564.64618682862  1.010293
5567.54220962525  1.010101
5570.43823242188  1.010618
5573.33425521851  1.005568
5576.23027801514  1.005443
5579.12630081177  1.011642
5582.0223236084  1.0115
5584.91834640503  1.003821
5587.81436920166  1.00208
5590.71039199829  1.007222
5593.60641479492  1.004179
5596.50243759156  1.008579
5599.39846038819  1.001042
5602.29448318482  1.001431
5605.19050598145  0.9965957
5608.08652877808  0.9994924
5610.98255157471  1.004738
5613.87857437134  1.001297
5616.77459716797  0.9957044
5619.6706199646  0.9991274
5622.56664276123  1.002078
5625.46266555786  1.002538
5628.35868835449  1.000439
5631.25471115113  0.9991373
5634.15073394776  0.9994313
5637.04675674439  0.9977368
5639.94277954102  0.9969369
5642.83880233765  0.9989945
5645.73482513428  0.9985723
5648.63084793091  0.9928402
5651.52687072754  0.9904587
5654.42289352417  0.9962269
5657.3189163208  0.990616
5660.21493911743  0.987745
5663.11096191406  0.9907455
5666.0069847107  0.9899308
5668.90300750733  0.9897142
5671.79903030396  0.9923679
5674.69505310059  0.9872524
5677.59107589722  0.9900882
5680.48709869385  0.9874403
5683.38312149048  0.9861032
5686.27914428711  0.9942602
5689.17516708374  0.9853297
5692.07118988037  0.9815861
5694.96721267701  0.9808928
5697.86323547364  0.9822174
5700.75925827027  0.9827275
5703.6552810669  0.9835058
5706.55130386353  0.9832317
5709.44732666016  0.9855123
5712.34334945679  0.9797186
5715.23937225342  0.9826529
5718.13539505005  0.9811482
5721.03141784668  0.9784907
5723.92744064331  0.9804344
5726.82346343994  0.9758059
5729.71948623657  0.9806346
5732.61550903321  0.9760793
5735.51153182984  0.9754983
5738.40755462647  0.9738594
5741.3035774231  0.9736779
5744.19960021973  0.9773897
5747.09562301636  0.9729302
5749.99164581299  0.9707081
5752.88766860962  0.9714802
5755.78369140625  0.9684465
5758.67971420288  0.9735485
5761.57573699951  0.9730812
5764.47175979614  0.9729505
5767.36778259278  0.9712567
5770.26380538941  0.9717932
5773.15982818604  0.9741003
5776.05585098267  0.9724647
5778.9518737793  0.9695067
5781.84789657593  0.972499
5784.74391937256  0.9659588
5787.63994216919  0.9688586
5790.53596496582  0.9710886
5793.43198776245  0.9718895
5796.32801055908  0.9752018
5799.22403335572  0.9696257
5802.12005615235  0.969347
5805.01607894898  0.9724757
5807.91210174561  0.9672732
5810.80812454224  0.9722618
5813.70414733887  0.9708709
5816.6001701355  0.9719938
5819.49619293213  0.9730048
5822.39221572876  0.9675165
5825.28823852539  0.97549
5828.18426132202  0.9709114
5831.08028411865  0.9765277
5833.97630691529  0.9731604
5836.87232971192  0.9732848
5839.76835250855  0.9733965
5842.66437530518  0.9754847
5845.56039810181  0.9776986
5848.45642089844  0.9765762
5851.35244369507  0.9837278
5854.2484664917  0.9803796
5857.14448928833  0.974084
5860.04051208496  0.9763473
5862.93653488159  0.9762183
5865.83255767822  0.9728074
5868.72858047486  0.9724272
5871.62460327149  0.9680386
5874.52062606812  0.9735891
5877.41664886475  0.9637651
5880.31267166138  0.9653082
5883.20869445801  0.9567713
5886.10471725464  0.9510765
5889.00074005127  0.9530228
5891.8967628479  0.9438866
5894.79278564453  0.9331874
5897.68880844116  0.9326677
5900.5848312378  0.9242705
5903.48085403443  0.9301102
5906.37687683106  0.9232224
5909.27289962769  0.9252344
5912.16892242432  0.9241338
5915.06494522095  0.9310999
5917.96096801758  0.9310763
5920.85699081421  0.9351629
5923.75301361084  0.9371883
5926.64903640747  0.9409037
5929.54505920411  0.9386788
5932.44108200074  0.9455559
5935.33710479737  0.9422398
5938.233127594  0.946987
5941.12915039063  0.9417073
5944.02517318726  0.9450175
5946.92119598389  0.9406555
5949.81721878052  0.9436033
5952.71324157715  0.9434143
5955.60926437378  0.9409813
5958.50528717041  0.942834
5961.40130996704  0.9418191
5964.29733276367  0.943333
5967.19335556031  0.9482688
5970.08937835694  0.9465079
5972.98540115357  0.9537994
5975.8814239502  0.9537836
5978.77744674683  0.9529144
5981.67346954346  0.9567741
5984.56949234009  0.9567637
5987.46551513672  0.9586448
5990.36153793335  0.9560462
5993.25756072998  0.9559846
5996.15358352661  0.9607328
5999.04960632325  0.9594568
6001.94562911988  0.9611504
6004.84165191651  0.9651913
6007.73767471314  0.9637578
6010.63369750977  0.9666171
6013.5297203064  0.9699872
6016.42574310303  0.9691684
6019.32176589966  0.9729297
6022.21778869629  0.9744575
6025.11381149292  0.9703938
6028.00983428955  0.9709144
6030.90585708618  0.9733097
6033.80187988281  0.9754199
6036.69790267945  0.977798
6039.59392547608  0.973161
6042.48994827271  0.9719367
6045.38597106934  0.9780869
6048.28199386597  0.9796951
6051.1780166626  0.979495
6054.07403945923  0.9786066
6056.97006225586  0.9790952
6059.86608505249  0.9764485
6062.76210784912  0.9733452
6065.65813064575  0.9774368
6068.55415344239  0.9746987
6071.45017623902  0.975618
6074.34619903565  0.9851906
6077.24222183228  0.9802915
6080.13824462891  0.9806914
6083.03426742554  0.9839175
6085.93029022217  0.9827568
6088.8263130188  0.9822319
6091.72233581543  0.9787393
6094.61835861206  0.9845484
6097.51438140869  0.9838539
6100.41040420532  0.9836439
6103.30642700196  0.9869271
6106.20244979859  0.9877879
6109.09847259522  0.9894012
6111.99449539185  0.991527
6114.89051818848  0.9873683
6117.78654098511  0.9850462
6120.68256378174  0.9888073
6123.57858657837  0.9916443
6126.474609375  0.9938194
6129.37063217163  0.9931154
6132.26665496826  0.992412
6135.1626777649  0.997022
6138.05870056153  0.9966015
6140.95472335816  0.989024
6143.85074615479  0.9884034
6146.74676895142  0.9913257
6149.64279174805  0.9871492
6152.53881454468  0.9883852
6155.43483734131  0.9905628
6158.33086013794  0.9794646
6161.22688293457  0.9816445
6164.1229057312  0.9870483
6167.01892852784  0.9888479
6169.91495132447  0.98102
6172.8109741211  0.9892744
6175.70699691773  0.9872407
6178.60301971436  0.986672
6181.49904251099  0.9911241
6184.39506530762  0.9973943
6187.29108810425  0.9928388
6190.18711090088  0.9966784
6193.08313369751  0.9962578
6195.97915649415  0.9942122
6198.87517929078  0.999817
6201.77120208741  0.9928083
6204.66722488404  1.000628
6207.56324768067  0.9992952
6210.4592704773  1.00097
6213.35529327393  1.003284
6216.25131607056  1.000106
6219.14733886719  1.000765
6222.04336166382  1.005549
6224.93938446045  1.001505
6227.83540725708  1.005257
6230.73143005371  1.002641
6233.62745285035  0.99888
6236.52347564698  1.003942
6239.41949844361  0.9977286
6242.31552124024  1.002174
6245.21154403687  1.002366
6248.1075668335  0.9994416
6251.00358963013  0.9953074
6253.89961242676  0.9985514
6256.79563522339  0.992808
6259.69165802002  0.9916912
6262.58768081665  0.9935706
6265.48370361328  0.9955248
6268.37972640992  1.001488
6271.27574920655  0.9982319
6274.17177200318  1.003071
6277.06779479981  0.99526
6279.96381759644  0.9910578
6282.85984039307  0.9867228
6285.7558631897  0.9868893
6288.65188598633  0.9891162
6291.54790878296  0.9828299
6294.44393157959  0.9781879
6297.33995437622  0.979918
6300.23597717286  0.9835012
6303.13199996949  0.9861934
6306.02802276612  0.9897873
6308.92404556275  0.9933136
6311.82006835938  1.001155
6314.71609115601  0.993292
6317.61211395264  0.9935085
6320.50813674927  1.002158
6323.4041595459  0.9991556
6326.30018234253  1.003855
6329.19620513916  0.999881
6332.09222793579  1.005448
6334.98825073243  1.009857
6337.88427352906  1.006167
6340.78029632569  1.010624
6343.67631912232  1.01151
6346.57234191895  1.005316
6349.46836471558  1.008207
6352.36438751221  1.011292
6355.26041030884  1.00767
6358.15643310547  1.009295
6361.0524559021  1.011679
6363.94847869873  1.00653
6366.84450149537  1.007565
6369.740524292  1.012707
6372.63654708863  1.015325
6375.53256988526  1.012291
6378.42859268189  1.018898
6381.32461547852  1.013787
6384.22063827515  1.014816
6387.11666107178  1.021069
6390.01268386841  1.01853
6392.90870666504  1.022815
6395.80472946167  1.018875
6398.7007522583  1.027471
6401.59677505494  1.023183
6404.49279785157  1.026953
6407.3888206482  1.031007
6410.28484344483  1.031294
6413.18086624146  1.025931
6416.07688903809  1.019663
6418.97291183472  1.027814
6421.86893463135  1.023855
6424.76495742798  1.027068
6427.66098022461  1.024925
6430.55700302125  1.021736
6433.45302581788  1.026062
6436.34904861451  1.030031
6439.24507141114  1.029679
6442.14109420777  1.024885
6445.0371170044  1.028268
6447.93313980103  1.031413
6450.82916259766  1.028503
6453.72518539429  1.028806
6456.62120819092  1.021462
6459.51723098755  1.025926
6462.41325378418  1.019183
6465.30927658081  1.020265
6468.20529937745  1.016664
6471.10132217408  1.012392
6473.99734497071  1.016843
6476.89336776734  1.006535
6479.78939056397  1.009924
6482.6854133606  1.00474
6485.58143615723  1.009111
6488.47745895386  1.006228
6491.37348175049  1.000856
6494.26950454712  1.003961
6497.16552734375  1.000856
6500.06155014039  0.9998509
6502.95757293702  1.011124
6505.85359573365  1.0139
6508.74961853028  1.014174
6511.64564132691  1.010257
6514.54166412354  1.007425
6517.43768692017  1.004465
6520.3337097168  1.006038
6523.22973251343  1.001628
6526.12575531006  0.9981884
6529.02177810669  0.9966058
6531.91780090332  0.9984276
6534.81382369995  0.9904554
6537.70984649659  0.9852219
6540.60586929322  0.9860129
6543.50189208985  0.9715178
6546.39791488648  0.9643314
6549.29393768311  0.9604735
6552.18996047974  0.9288141
6555.08598327637  0.8974288
6557.982006073  0.8660441
6560.87802886963  0.823577
6563.77405166626  0.787955
6566.67007446289  0.7653875
6569.56609725953  0.7504975
6572.46212005616  0.7369162
6575.35814285279  0.7333123
6578.25416564942  0.7432706
6581.15018844605  0.7646483
6584.04621124268  0.7928888
6586.94223403931  0.8286762
6589.83825683594  0.8707641
6592.73427963257  0.9092091
6595.6303024292  0.9353889
6598.52632522583  0.9570211
6601.42234802246  0.971939
6604.3183708191  0.9884074
6607.21439361573  0.9987999
6610.11041641236  1.009294
6613.00643920899  1.024742
6615.90246200562  1.025311
6618.79848480225  1.020454
6621.69450759888  1.0254
6624.59053039551  1.032445
6627.48655319214  1.034983
6630.38257598877  1.038136
6633.2785987854  1.040815
6636.17462158203  1.041724
6639.07064437867  1.039499
6641.9666671753  1.04077
6644.86268997193  1.045128
6647.75871276856  1.043676
6650.65473556519  1.050235
6653.55075836182  1.051796
6656.44678115845  1.041407
6659.34280395508  1.045153
6662.23882675171  1.048168
6665.13484954834  1.049214
6668.03087234498  1.054984
6670.92689514161  1.047689
6673.82291793824  1.046007
6676.71894073487  1.049314
6679.6149635315  1.046972
6682.51098632813  1.045588
6685.40700912476  1.048412
6688.30303192139  1.048288
6691.19905471802  1.047214
6694.09507751465  1.048984
6696.99110031128  1.046009
6699.88712310791  1.044565
6702.78314590455  1.046292
6705.67916870118  1.045645
6708.57519149781  1.044354
6711.47121429444  1.04583
6714.36723709107  1.045771
6717.2632598877  1.043782
6720.15928268433  1.045695
6723.05530548096  1.050627
6725.95132827759  1.042998
6728.84735107422  1.041731
6731.74337387085  1.050803
6734.63939666748  1.042649
6737.53541946411  1.038707
6740.43144226075  1.046936
6743.32746505738  1.044475
6746.22348785401  1.041619
6749.11951065064  1.038062
6752.01553344727  1.04367
6754.9115562439  1.044242
6757.80757904053  1.037992
6760.70360183716  1.042742
6763.59962463379  1.034556
6766.49564743042  1.036313
6769.39167022705  1.0407
6772.28769302369  1.03467
6775.18371582032  1.035215
6778.07973861695  1.038941
6780.97576141358  1.038223
6783.87178421021  1.030709
6786.76780700684  1.03965
6789.66382980347  1.033582
6792.5598526001  1.033321
6795.45587539673  1.039677
6798.35189819336  1.037484
6801.24792098999  1.036237
6804.14394378663  1.03376
6807.03996658326  1.031023
6809.93598937989  1.038144
6812.83201217652  1.04174
6815.72803497315  1.031983
6818.62405776978  1.033092
6821.52008056641  1.030848
6824.41610336304  1.03676
6827.31212615967  1.035491
6830.2081489563  1.03085
6833.10417175293  1.03097
6836.00019454956  1.033546
6838.89621734619  1.031163
6841.79224014283  1.034467
6844.68826293946  1.031526
6847.58428573609  1.031407
6850.48030853272  1.034548
6853.37633132935  1.027651
6856.27235412598  1.023093
6859.16837692261  1.022672
6862.06439971924  1.020345
6864.96042251587  1.003851
6867.8564453125  0.9717585
6870.75246810913  0.9515815
6873.64849090577  0.9328986
6876.5445137024  0.9201041
6879.44053649903  0.9047045
6882.33655929566  0.8865536
6885.23258209229  0.8669957
6888.12860488892  0.8586255
6891.02462768555  0.8628514
6893.92065048218  0.8665271
6896.81667327881  0.8836945
6899.71269607544  0.9013429
6902.60871887207  0.9064961
6905.50474166871  0.910068
6908.40076446534  0.915842
6911.29678726197  0.9187999
6914.1928100586  0.9285187
6917.08883285523  0.9321301
6919.98485565186  0.9386461
6922.88087844849  0.9463327
6925.77690124512  0.9466945
6928.67292404175  0.9437802
6931.56894683839  0.9527417
6934.46496963502  0.9528683
6937.36099243165  0.948936
6940.25701522828  0.9444575
6943.15303802491  0.9387437
6946.04906082154  0.9407324
6948.94508361817  0.9373192
6951.8411064148  0.9324495
6954.73712921143  0.9344781
6957.63315200806  0.9383319
6960.52917480469  0.9407474
6963.42519760132  0.9487357
6966.32122039796  0.9589124
6969.21724319459  0.9649647
6972.11326599122  0.9642977
6975.00928878785  0.9750587
6977.90531158448  0.9759036
6980.80133438111  0.9809759
6983.69735717774  0.9832938
6986.59337997437  0.9857336
6989.489402771  0.9776614
6992.38542556763  0.9729694
6995.28144836426  0.968733
6998.17747116089  0.9663879
7001.07349395753  0.9595078
7003.96951675416  0.9564446
7006.86553955079  0.9523733
7009.76156234742  0.9508734
7012.65758514405  0.9531391
7015.55360794068  0.9555731
7018.44963073731  0.9572265
7021.34565353394  0.953831
7024.24167633057  0.9492756
7027.1376991272  0.9522911
7030.03372192383  0.9594964
7032.92974472046  0.965058
7035.82576751709  0.962835
7038.72179031373  0.9592184
7041.61781311036  0.9612619
7044.51383590699  0.9698941
7047.40985870362  0.9744409
7050.30588150025  0.971451
7053.20190429688  0.9724669
7056.09792709351  0.9799287
7058.99394989014  0.9729373
7061.88997268677  0.973518
7064.7859954834  0.9777856
7067.68201828003  0.9811473
7070.57804107667  0.9771954
7073.4740638733  0.9750965
7076.37008666993  0.9735999
7079.26610946656  0.9719226
7082.16213226319  0.9770811
7085.05815505982  0.9791378
7087.95417785645  0.9845979
7090.85020065308  0.9845326
7093.74622344971  0.9888939
7096.64224624634  0.9788944
7099.53826904297  0.9782152
7102.4342918396  0.983418
7105.33031463624  0.9774976
7108.22633743287  0.9832843
7111.1223602295  0.9847378
7114.01838302613  0.9796614
7116.91440582276  0.9877839
7119.81042861939  0.9802535
7122.70645141602  0.9809995
7125.60247421265  0.9799876
7128.49849700928  0.984327
7131.39451980591  0.9875659
7134.29054260254  0.9809
7137.18656539917  0.9792576
7140.08258819581  0.978568
7142.97861099244  0.9793094
7145.87463378907  0.9833333
7148.7706565857  0.9850383
7151.66667938233  0.9735564
7154.56270217896  0.9748829
7157.45872497559  0.9643029
7160.35474777222  0.9661368
7163.25077056885  0.9522065
7166.14679336548  0.9390757
7169.04281616212  0.9215132
7171.93883895875  0.9034836
7174.83486175538  0.8911334
7177.73088455201  0.8659381
7180.62690734864  0.8499493
7183.52293014527  0.8239796
7186.4189529419  0.8030152
7189.31497573853  0.7845258
7192.21099853516  0.7691203
7195.10702133179  0.7647818
7198.00304412843  0.7599962
7200.89906692506  0.7603192
7203.79508972169  0.7603291
7206.69111251832  0.7598147
7209.58713531495  0.7744722
7212.48315811158  0.7894546
7215.37918090821  0.8153054
7218.27520370484  0.8267751
7221.17122650147  0.8499286
7224.0672492981  0.8604852
7226.96327209473  0.873767
7229.85929489136  0.8834125
7232.75531768799  0.8843943
7235.65134048463  0.8796195
7238.54736328126  0.8695624
7241.44338607789  0.8580374
7244.33940887452  0.8424611
7247.23543167115  0.8329613
7250.13145446778  0.8216685
7253.02747726441  0.8209888
7255.92350006104  0.8127341
7258.81952285767  0.8170009
7261.7155456543  0.8165752
7264.61156845093  0.8204524
7267.50759124757  0.8236356
7270.4036140442  0.8190354
7273.29963684083  0.8254543
7276.19565963746  0.8268267
7279.09168243409  0.8274167
7281.98770523072  0.8331229
7284.88372802735  0.8370274
7287.77975082398  0.8403649
7290.67577362061  0.8369436
7293.57179641724  0.8381225
7296.46781921387  0.8377803
7299.3638420105  0.8445125
7302.25986480714  0.8468303
7305.15588760377  0.8539562
7308.0519104004  0.8549655
7310.94793319703  0.8512943
7313.84395599366  0.8536987
7316.73997879029  0.8591394
7319.63600158692  0.8613706
7322.53202438355  0.8746685
7325.42804718018  0.8817726
7328.32406997681  0.8885005
7331.22009277344  0.8987737
7334.11611557007  0.902877
7337.01213836671  0.9153584
7339.90816116334  0.9373133
7342.80418395997  0.9442069
7345.7002067566  0.9446667
7348.59622955323  0.950348
7351.49225234986  0.9496205
7354.38827514649  0.959233
7357.28429794312  0.9614469
7360.18032073975  0.9559199
7363.07634353638  0.9621513
7365.97236633301  0.9634944
7368.86838912965  0.9630145
7371.76441192628  0.9626058
7374.66043472291  0.9677281
7377.55645751954  0.9721718
7380.45248031617  0.9786657
7383.3485031128  0.9844065
7386.24452590943  0.9866302
7389.14054870606  0.9825789
7392.03657150269  0.9838442
7394.93259429932  0.9883857
7397.82861709595  0.9898345
7400.72463989258  0.9937106
7403.62066268922  0.9936011
7406.51668548585  1.000534
7409.41270828248  0.9944084
7412.30873107911  0.9970714
7415.20475387574  0.9925485
7418.10077667237  0.99613
7420.996799469  1.003059
7423.89282226563  1.00428
7426.78884506226  1.009888
7429.68486785889  1.010026
7432.58089065553  1.012077
7435.47691345216  1.013866
7438.37293624879  1.016365
7441.26895904542  1.013408
7444.16498184205  1.016475
7447.06100463868  1.017351
7449.95702743531  1.023019
7452.85305023194  1.014186
7455.74907302857  1.013895
7458.6450958252  1.0161
7461.54111862183  1.020211
7464.43714141846  1.015211
7467.3331642151  1.014981
7470.22918701173  1.01214
7473.12520980836  1.014248
7476.02123260499  1.023321
7478.91725540162  1.021397
7481.81327819825  1.015304
7484.70930099488  1.0231
7487.60532379151  1.017574
7490.50134658814  1.017451
7493.39736938477  1.026798
7496.2933921814  1.030143
7499.18941497803  1.034901
7502.08543777467  1.038699
7504.9814605713  1.055259
7507.87748336793  1.0418
7510.77350616456  1.040948
7513.66952896119  1.044295
7516.56555175782  1.048356
7519.46157455445  1.042951
7522.35759735108  1.035541
7525.25362014771  1.026808
7528.14964294434  1.042815
7531.04566574097  1.031704
7533.9416885376  1.027491
7536.83771133423  1.021423
7539.73373413087  1.023345
7542.6297569275  1.036639
7545.52577972413  1.030227
7548.42180252076  1.034209
7551.31782531739  1.023511
7554.21384811402  1.036225
7557.10987091065  1.025814
7560.00589370728  1.030554
7562.90191650391  1.030712
7565.79793930054  1.023648
7568.69396209717  1.024484
7571.58998489381  1.032702
7574.48600769044  1.034215
7577.38203048707  1.034129
7580.2780532837  1.030449
7583.17407608033  1.032037
7586.07009887696  1.021552
7588.96612167359  0.9994906
7591.86214447022  0.9685235
7594.75816726685  0.9218091
7597.65419006348  0.8600073
7600.55021286011  0.8004021
7603.44623565675  0.7290795
7606.34225845338  0.6571103
7609.23828125001  0.6058396
7612.13430404664  0.552799
7615.03032684327  0.5072344
7617.9263496399  0.4874547
7620.82237243653  0.4706801
7623.71839523316  0.4586142
7626.61441802979  0.4801123
7629.51044082642  0.5100131
7632.40646362305  0.5476037
7635.30248641968  0.5894184
7638.19850921631  0.6017641
7641.09453201295  0.5998936
7643.99055480958  0.5993248
7646.88657760621  0.6013542
7649.78260040284  0.6136432
7652.67862319947  0.6341869
7655.5746459961  0.6515581
7658.47066879273  0.6812147
7661.36669158936  0.7094232
7664.26271438599  0.7500668
7667.15873718262  0.7832323
7670.05475997926  0.8035088
7672.95078277589  0.8300399
7675.84680557252  0.8546575
7678.74282836915  0.8925523
7681.63885116578  0.9014273
7684.53487396241  0.9175836
7687.43089675904  0.9440635
7690.32691955567  0.9520648
7693.2229423523  0.9558747
7696.11896514893  0.9722143
7699.01498794556  0.9879482
7701.91101074219  0.9865752
7704.80703353883  0.9943951
7707.70305633546  0.9987317
7710.59907913209  0.9992387
7713.49510192872  1.017566
7716.39112472535  1.017943
7719.28714752198  1.021831
7722.18317031861  1.034042
7725.07919311524  1.044299
7727.97521591187  1.039904
7730.8712387085  1.025137
7733.76726150513  1.02914
7736.66328430176  1.016542
7739.55930709839  1.020013
7742.45532989503  1.01726
7745.35135269166  1.019127
7748.24737548829  1.024091
7751.14339828492  1.021663
7754.03942108155  1.020551
7756.93544387818  1.015279
7759.83146667481  1.019585
7762.72748947144  1.017483
7765.62351226807  1.011756
7768.5195350647  1.004903
7771.41555786133  0.9983443
7774.31158065797  0.9970257
7777.2076034546  0.9880213
7780.10362625123  0.9864823
7782.99964904786  0.9828995
7785.89567184449  0.9749864
7788.79169464112  0.9737766
7791.68771743775  0.9674215
7794.58374023438  0.9698394
7797.47976303101  0.9788957
7800.37578582764  0.9827069
7803.27180862427  0.9829347
7806.16783142091  0.9972314
7809.06385421754  0.9900876
7811.95987701417  0.9910474
7814.8558998108  1.001103
7817.75192260743  1.000948
7820.64794540406  1.003556
7823.54396820069  0.9970778
7826.43999099732  1.017808
7829.33601379395  1.01149
7832.23203659058  1.004495
7835.12805938721  1.025378
7838.02408218384  1.009823
7840.92010498047  1.012806
7843.81612777711  1.014488
7846.71215057374  1.006671
7849.60817337037  1.006135
7852.504196167  1.012352
7855.40021896363  1.015306
7858.29624176026  1.005856
7861.19226455689  1.004506
7864.08828735352  0.9964726
7866.98431015015  0.99194
7869.88033294678  1.005295
7872.77635574341  1.002846
7875.67237854005  0.9884537
7878.56840133668  0.9886498
7881.46442413331  0.9766698
7884.36044692994  0.9924437
7887.25646972657  0.9733993
7890.1524925232  0.9833083
7893.04851531983  0.9505872
7895.94453811646  0.9543144
7898.84056091309  0.9645106
7901.73658370972  0.9617391
7904.63260650636  0.9784116
7907.52862930299  0.971643
7910.42465209962  0.9752986
