51Aql
O5 0.65468902418457 1.2756943878030174 3.379905956310115
O9 0.5208275392995922 1.0306012122574764 3.062541299945509
A0 0.8590577449585931 0.9205058671403183 3.8170734599908047
A2 0.8398704989581884 0.8100987696472509 3.731099152177116
A3 0.8413742475030149 1.1162286291708359 3.8105464702389464
A5 0.853302358875184 0.8098888895020085 3.865175204513592
A7 0.8402715152925521 0.8013859721025075 3.685819757629541
B0 0.7169145940080986 0.993246595057494 3.1277671972389234
B1 0.8141305136920739 0.3664638599740982 3.2068451254714203
B3 0.7679171976478404 0.9568852532477756 3.306135146679547
B8 0.7292649747810928 0.8277013989860312 3.160527617682912
B9 0.8271813047597754 1.1716374268856335 3.8170896943673216
F0 0.8113223571128114 0.8725833654165441 3.3948429204489172
F2 0.8310143411460416 0.2663685545545143 3.221646011798025
F5 0.7849121487942151 0.34550623797817903 3.139828129663811
F6 0.6983945321071112 0.6060284954278914 3.0307554622009665
F8 0.643625462917798 0.6815633902814586 3.0652357621993667
G0 0.619373095573275 0.46730619185266964 3.020401303191616
G2 0.49049965016931596 0.6073193198484353 2.8108116831761696
G5 0.5046650879666735 0.1184015404552601 3.073221684542558
G8 0.31061105875002276 0.4370700734511948 2.808054516169338
K0 0.267880734952449 -0.3239805884492887 3.25802500181059
K2 0.1780542383248813 -0.5967057941068891 3.5157715617642933
K3 0.1837570486788513 0.44364827905728926 2.873152375728959
K4 0.1468456493308666 0.3268944284697566 2.8785872197938245
K5 0.04141199086567307 -0.24987181737408634 2.89625225093883
K7 0.1156764454709858 3.2078961534885955 8.892708145749232
M1 0.19505188249664956 1.9534900166491271 7.5460596875302555
M2 0.2271349497207705 3.6773009114311717 8.668216400324665
M3 0.20863837158596277 3.486571291783365 36.520832403750255
M4 0.25600069820090565 1.5421840200007428 5.6538633775084195
M5 0.23183731982995898 2.7930056986447975 9.968668026598184
M6 0.16622156933905785 -9.129231205813742 900.6890736613235
rF6 0.6199300348105872 0.2702713937087006 3.1973650202420614
rF8 0.5598435500849888 0.6352009204982015 2.968752568789225
rG0 0.41579115555354546 0.36884126471438045 2.8844607390145613
rG5 0.4397661513400279 0.341391506866686 2.883363459991332
wF5 0.7294870572494301 1.0188798267992352 3.4442968770599536
wF8 0.6464276577442888 0.3496507158231019 3.200700576899194
wG0 0.8413742475030149 1.1162286291708359 3.8105464702389464
wG5 0.8413742475030149 1.1162286291708359 3.8105464702389464
Albali
O5 0.6627458014620144 1.9866784117559628 3.47300582641746
O9 0.6200212429412232 1.6829792850554677 3.1319675626322616
A0 0.9307608701657667 1.6823821918289652 3.9433297646676246
A2 0.9113115424055984 1.5353257362981567 3.8867674886704955
A3 0.9074894745772151 1.858476663254247 3.9779699169251246
A5 0.9215168629673812 1.5623382155636139 4.04717149404431
A7 0.8922397880927841 1.5277665714793642 3.866599080816388
B0 0.7197046496123529 1.6516664203939233 3.128569313806048
B1 0.8507206973978838 1.1360302680819674 3.26080894331429
B3 0.870040144477424 1.6980431826511342 3.3642251381187167
B8 0.7868695487149341 1.7074909357388408 3.225114409769912
B9 0.922603508566856 1.9408214245499464 3.888771694826099
F0 0.8460344604442961 1.6311373382822758 3.59527816262402
F2 0.8398691483974723 0.9523870214388077 3.333982239548464
F5 0.7609421400413663 1.0643853648682322 3.282533279871969
F6 0.6579930887048342 1.3104837848058215 3.227763257248459
F8 0.5745239337816358 1.3622377377127683 3.2659297329616983
G0 0.5137234170648397 1.0800080064557944 3.1405011613375633
G2 0.3786075076756499 1.2273187377544803 2.930963521152476
G5 0.36705438085864317 0.7146288712842916 3.2027746133011967
G8 0.14612090494162047 0.6737445082421992 3.027594764675552
K0 0.0960526996764468 -0.10765174775259599 3.552104739083931
K2 -0.026931518166697865 -1.619716617096322 8.278971013979307
K3 -0.010413630770063034 0.4935593495815798 3.057667746138018
K4 -0.04197718403215073 0.2974899913426187 3.061840913727369
K5 -0.13762462440731812 -0.8496937944092492 2.5701625387136082
K7 -0.04302649431891664 6.1160141250081965 13.239945123956884
M1 0.024688590391551773 2.8599999801340266 8.60925826926247
M2 0.07173913830077823 4.74257133539701 8.640736732273584
M3 0.06999842500071829 1.94840919265178 18.886472663251674
M4 0.11761584596008737 0.6701095915327866 3.065952828591031
M5 0.09896171485859817 0.8999911641829075 2.628931635142821
M6 0.02081638444082517 2.5465274500640214 4.3135119298142115
rF6 0.5408068371943089 0.8741917808861495 3.3922512641061093
rF8 0.48996735645057726 1.3067965847363832 3.1881756863891253
rG0 0.31060278976923356 0.9405603932413401 3.1044991429732267
rG5 0.31493433962755213 0.8272857369170906 3.0907323656762364
wF5 0.728822993185225 1.7976345485597647 3.7839869195649998
wF8 0.6088459410967156 1.1013554541200359 3.4582476627278074
wG0 0.9074894745772151 1.858476663254247 3.9779699169251246
wG5 0.9074894745772151 1.858476663254247 3.9779699169251246
HD214923
O5 0.7056541253588398 -1.8947786010768843 2.472627979542895
O9 0.6230187720829621 -2.1709792852200933 2.4282862259577516
A0 0.8958375698883977 -2.066325390699983 3.541947910748931
A2 0.8728556718303172 -2.2068855360981647 3.558450927289774
A3 0.8765353475775731 -1.9038203068292838 3.4143817386250657
A5 0.8886517715406126 -2.1994360033114324 3.431588190888246
A7 0.8512889565941846 -2.2232890086561263 3.478362871526832
B0 0.7595520093864578 -2.0576112499692347 2.689737606417217
B1 0.8673546202154292 -2.634533726256791 2.8310308177662065
B3 0.8650570385957841 -2.039847879627492 2.8655988085783712
B8 0.7768087774562578 -2.0063577936727492 3.1041966633412583
B9 0.8797727649163514 -1.8203205920159728 3.4055000036984646
F0 0.8103969445036916 -2.1135629793440334 3.2756901599743395
F2 0.799839061805794 -2.72301036677081 3.344257229277338
F5 0.7397440919123879 -2.656327488257816 3.1073061829813917
F6 0.6389366167967954 -2.395786879869516 3.100679713710161
F8 0.5625642593386573 -2.383938951548558 3.157417459508023
G0 0.49735428486729405 -2.635304139152628 3.398542612507782
G2 0.3677862860366509 -2.533198381499013 3.246578440170851
G5 0.35795954041595845 -3.1250933475409997 3.4543722453134964
G8 0.1417138504005956 -3.146895287120387 3.7875259561170225
K0 -0.07765388104697227 5.686345573776381 0.005490000163991926
K2 -0.2802018976059432 6.9601350474500885 4.061803228735992
K3 -0.1274413368033082 7.174611127816985 -3.693649204218101
K4 -0.13845560579242186 6.469902906610485 3.727049903259082
K5 -0.19170406796802592 6.912935456466029 5.368680937433367
K7 -0.052619555612675624 -4.896720157870381 0.02601198059391685
M1 0.010118613078795576 5.038518661054494 1.2821896454824007
M2 0.08578907661387802 6.1781101904410995 817.9883191545017
M3 0.06772874930496299 1.8645641213421704 2.816107655942257
M4 0.07834045218256949 4.794275764644464 3.0632094568040027
M5 0.08473701980711512 3.225342208316357 2.743632158911862
M6 0.04023742689982668 0.6316316824105968 10.416479052469565
rF6 0.5155423356842104 -2.804692567262232 3.56325399578379
rF8 0.47747849632378214 -2.4320768366933354 3.0906586352717884
rG0 0.3001727886213025 -2.8419821438216033 3.1817884834279924
rG5 0.3024101975244845 -2.9270231709877432 3.4104522268049995
wF5 0.70992897205856 -1.9340172334116665 3.206869317080403
wF8 0.5904383846729612 -2.614019661235175 3.1716431667249543
wG0 0.8765353475775731 -1.9038203068292838 3.4143817386250657
wG5 0.8765353475775731 -1.9038203068292838 3.4143817386250657
HD215648
O5 0.6818180595606556 -1.0153707818533424 2.4939934954611753
O9 0.4977599688614206 -1.141060025389078 2.454061003870503
A0 0.7986456602421221 -1.1209862050882795 3.3459831811732306
A2 0.7832567508152628 -1.2088894657531282 3.2947959970236957
A3 0.7880254578898725 -0.9558342608433997 3.2193304949070867
A5 0.7977922257298933 -1.2716408376142456 3.244124872295588
A7 0.7926654122279987 -1.2483042736767922 3.2040136127889696
B0 0.7300815157563244 -1.0853917915322489 2.629763804781245
B1 0.8005865065087411 -1.7139199095577258 2.7387673067766864
B3 0.7184834896391328 -1.1163430902630083 2.842910852389499
B8 0.7025598950061472 -1.2398921173290178 3.0989479886286175
B9 0.7613232063925535 -0.8852511277355971 3.377687453548323
F0 0.7859940425321721 -1.1997750097926463 2.9953579029189434
F2 0.8179054988625071 -1.7411159724298138 3.0830096505040605
F5 0.8048684477600696 -1.7150363826662105 2.8487556751203558
F6 0.7355591252181019 -1.4575482485145312 2.7148190091235818
F8 0.7026078962844242 -1.3956837524316574 2.8156645884163467
G0 0.6928585981672146 -1.5584291012741562 2.880791884784737
G2 0.5887021222840453 -1.4337179675088914 2.6491317758416058
G5 0.6050561553901538 -1.9365593345666077 2.9384480480986026
G8 0.43236234800486123 -1.5342326611053725 2.806583802750858
K0 0.39390085457080953 -2.260574818076288 3.443023055388107
K2 0.3210960565384621 -2.3855389980563038 3.6497049260835936
K3 0.3146044275983046 -1.5852606532030236 2.7358254297663764
K4 0.28248474391679845 -1.698904005553736 2.615983067988063
K5 0.16925079746466024 -2.3344319214211064 3.532818233384876
K7 0.23461310656650708 -1.1898261405740882 2.459555798393487
M1 0.3087782487691478 -1.5986491240645155 -2.4965478347869743
M2 0.28641259592410506 1.7000869161605832 313.984596686179
M3 0.2804377895589252 -1.1582603270223688 -2.1269794728590226
M4 0.3249498842682312 -1.368400954231277 2.2561943418592088
M5 0.29852388295600774 -1.134331497405738 -1.9358027940653884
M6 0.19830155926552448 3.2889094386257636 -1.3084796824501148
rF6 0.6648856271423993 -1.756231577336384 3.1272326196418723
rF8 0.6293758551058621 -1.4375709653631983 2.6191149476779336
rG0 0.516011750854316 -1.6897797413394429 2.6999939290522317
rG5 0.5424327082031732 -1.65743550299779 2.666320196532767
wF5 0.7342610864120288 -1.1140782689404867 3.061672122067965
wF8 0.6868111111349258 -1.75729708616641 2.9688831106875706
wG0 0.7880254578898725 -0.9558342608433997 3.2193304949070867
wG5 0.7880254578898725 -0.9558342608433997 3.2193304949070867
10 Lac
O5 0.6541352664179583 -1.3917418390220107 2.293368412820283
O9 0.5390522930517351 -1.3229708698257834 2.0268183124788126
A0 0.5973578856264912 -1.7740881655170804 3.426865051951866
A2 0.5581188419987114 -1.8853854434289852 3.3990793670453887
A3 0.5675364945128982 -1.5541697807105213 3.2672762869635283
A5 0.5806021355942987 -1.8693047196613501 3.333970418234361
A7 0.5349514941656055 -1.8622896046493125 3.313789131817718
B0 0.7102853564333613 -1.4353613728801966 2.4059252178258483
B1 0.7226382153109034 -2.0743089240971844 2.6469833180968543
B3 0.6305835350080778 -1.4488996396348293 2.518525429525243
B8 0.4918642926772946 -1.6991619811606415 3.1022612958793085
B9 0.5677064808950361 -1.46148227025065 3.2911026761158397
F0 0.48895359645074193 -1.686915116985081 3.0773209674411786
F2 0.5471913305397395 -2.2305752605653817 3.2357167439905257
F5 0.48611834037723023 -2.118161295876027 2.987877298961582
F6 0.38586602634954326 -1.7941080861677339 2.910077104867859
F8 0.3394093952751907 -1.7126370503258794 2.9600827353071772
G0 0.3233086725870864 -2.076814724957627 3.406826295662732
G2 0.21633421117171964 -1.9686607293649 3.2407564457092923
G5 0.24875069941273945 -2.5802341805681435 3.570657918020525
G8 0.06306673661436521 -2.4505162097510103 4.058133602724138
K0 0.06446816223657936 -2.8099751614998927 3.9511204080083884
K2 -0.00983185907309403 -3.487009302385815 4.9401710983490235
K3 0.002319129781885393 -3.5407493131367014 5.904032816164719
K4 -0.03160715618117832 -3.394728711922872 5.073700317611678
K5 -0.14041455756158444 -3.768859951500017 7.147734114148043
K7 -0.025726316626690532 -2.288138605214693 4.175387868589517
M1 0.0782794491112726 -2.4145688554961535 3.88150577566676
M2 0.14474624762991528 -1.71859427906228 3.1806370879993517
M3 0.16144952776190497 -2.5853595482550116 2.9569518038229616
M4 0.20095467059127686 -3.2154515437812545 4.040236160066462
M5 0.1829270055106711 -3.571107765467751 3.9460625687137467
M6 0.07473561481805291 4.017126042887979 615.5534031675772
rF6 0.29888394868859036 -2.1652097895837046 3.5978729957046687
rF8 0.2698792814669154 -1.7224104615824911 2.84827100080772
rG0 0.17834001074797076 -2.1402237565480413 3.2420134162511576
rG5 0.18347890609172351 -2.1937767824589423 3.3062809479405537
wF5 0.4334353141732413 -1.379467307207728 3.1493152199015535
wF8 0.33693942546194955 -1.9909950263458793 3.016193767046625
wG0 0.5675364945128982 -1.5541697807105213 3.2672762869635283
wG5 0.5675364945128982 -1.5541697807105213 3.2672762869635283
HD212698
O5 0.5502696750379064 -1.0383300968788873 2.5954314326891486
O9 0.3376171632598491 -1.0839476569093964 2.491681727993255
A0 0.6066384815851789 -1.0458404902505454 3.2472654277193196
A2 0.5980087194674851 -1.1200512353506662 3.155415731304329
A3 0.6028712237109423 -0.8993119791502996 3.1408777405462427
A5 0.6100791616143576 -1.2486388744307133 3.147660143088715
A7 0.6249012857767346 -1.1894986914158023 3.0946209314052346
B0 0.6020785973456633 -0.9710882491945501 2.6648833083026275
B1 0.6269256601169286 -1.6734270660876065 2.769874015170553
B3 0.512878088418393 -1.046826745966108 2.825385211391611
B8 0.5463173756550481 -1.260453439755189 3.097912215893846
B9 0.5615394134278835 -0.831561118918647 3.3391435494962103
F0 0.6373981409432207 -1.203201929780982 2.921156893271365
F2 0.6891160288540924 -1.736295925125543 3.01696058841611
F5 0.7208519386546187 -1.7697890792290125 2.8027935237798
F6 0.6806613887603682 -1.5125516625347206 2.672213215702701
F8 0.6844700416688645 -1.458340557894295 2.7881148747106774
G0 0.731307121034514 -1.5745715493594081 2.784063671534035
G2 0.6564806682769317 -1.5073052919661045 2.6179001140734255
G5 0.6974023709491135 -2.0040280422623575 2.9420294362600248
G8 0.5941305778756407 -1.5354753578193194 2.6786817125367404
K0 0.5748302831267378 -2.2401026738629435 3.2896037705306047
K2 0.5346866601548489 -2.222109274633144 3.313563326949737
K3 0.5177913604648638 -1.6507539189105915 2.6034356715725937
K4 0.48886508745100105 -1.77882626660882 2.5401067919125055
K5 0.37921235295616257 -2.4469790846434245 3.464182918702308
K7 0.41379480444839967 -1.718869593018159 -2.4151316371541194
M1 0.46657344388543115 -1.9392280528652472 2.5016674905122147
M2 0.44612775077333877 -0.9597383272728813 2.584306327885961
M3 0.3834601583504456 -0.9258232316789972 2.397821321631864
M4 0.42417592868222026 -1.0476019331385937 2.2803092964708433
M5 0.3953115982376346 -0.7294927137632689 2.194330793895283
M6 0.319363086026101 6.155196409909499 640.388049257293
rF6 0.6756064248070848 -1.8052288985847322 3.008467158937188
rF8 0.6310097670747551 -1.5184415233340631 2.5832756242284907
rG0 0.592872909055478 -1.8003992220856284 2.6757510096375956
rG5 0.635797627439824 -1.7131140608426239 2.5911629117474533
wF5 0.6403902489586325 -1.2738343775351537 3.053663792172184
wF8 0.636689685190283 -1.8806399265758924 2.987696973849007
wG0 0.6028712237109423 -0.8993119791502996 3.1408777405462427
wG5 0.6028712237109423 -0.8993119791502996 3.1408777405462427
HD20900
O5 0.1675594603113258 0.5190873895905395 3.8274035010237606
O9 -0.018441938634543353 0.27835482426370317 2.926884843460889
A0 0.07528134891761817 -0.16479110891510299 3.233478231312215
A2 0.09408744514717003 -0.22703377643530304 3.1318505634999916
A3 0.09202073883805151 -0.160887850294246 3.142608721396616
A5 0.0873044590949763 -0.715565570996962 3.363589639925314
A7 0.12982562911919504 -0.5038944629616892 3.123588939540055
B0 0.15666635024199121 1.331592042460383 4.917726261331855
B1 0.09635408885612781 0.1695616152128113 3.66212635116969
B3 0.011315719152685297 0.7979175474684465 3.45032415555031
B8 0.17179533385985163 -1.789258783079894 8.042184538102163
B9 0.061226054574471 -0.6163632999761475 3.940641082085058
F0 0.18303295027425362 -0.874748029572989 3.235096347815981
F2 0.21944203025105694 -1.008477207021493 3.0616335112404625
F5 0.27814871645436334 -1.3177594357707543 3.2299524045653
F6 0.30212407231293636 -1.0689185296439745 2.948336678058406
F8 0.36396513290010035 -0.9612686310406416 3.008484671840131
G0 0.4352812128016245 -1.0694321899659875 2.9787990463344616
G2 0.453934442679939 -1.1913767856834796 3.169441473818478
G5 0.5029457556907375 -1.6106153385284951 3.4647670408227116
G8 0.5785499167914766 -1.1687711774336493 3.221697369039605
K0 0.5853686565464511 -2.135207465958939 4.388815401529126
K2 0.6831946270870226 -1.9373231362831278 4.2117012971281005
K3 0.7486068241736685 -1.2379061782916299 3.2023429957712044
K4 0.7506893675569777 -1.385606917916153 3.1832789984029515
K5 0.7314835774993647 -2.202226946231201 4.621001014723024
K7 0.7371867012680304 -1.556344119977813 3.3717949167002694
M1 0.6997744462682717 -1.6096249521036008 3.2337219563161432
M2 0.6291973661933075 -0.7970915120325484 3.126059157776825
M3 0.4713451563194415 -0.04334899110316987 3.5737248829900308
M4 0.4708331181125376 -0.024541635298699526 3.2666235142017648
M5 0.4335007672638085 2.2097210913394485 319.2530345234501
M6 0.3821122631495655 3.3968019945345507 557.2715717108721
rF6 0.37003493821738365 -1.5217447649684122 3.5164416180098232
rF8 0.3472668758068843 -1.1097533422250483 2.8644557724762265
rG0 0.45169978383465265 -1.7324032354881262 3.968285022462642
rG5 0.4623699983125016 -1.3119321509875255 2.991860962949555
wF5 0.22612771581919017 -1.6751628734927302 4.517007944358157
wF8 0.3298029338395438 -2.2510818385946307 4.504667709376906
wG0 0.09202073883805151 -0.160887850294246 3.142608721396616
wG5 0.09202073883805151 -0.160887850294246 3.142608721396616
HIP114046
O5 0.2292299858589436 -0.44076505947313355 2.8725621548130427
O9 -0.05083102485886255 0.02351276779308335 2.713351509340508
A0 0.07055751418565137 -8.061236703473465 399.1696960974937
A2 0.10446731072065574 -9.236789136074655 33.76739203619187
A3 0.08070476859378672 -7.857760057612704 154.16889713053396
A5 0.09232717994158007 -5.823053746089117 16.20224812037489
A7 0.11487388635985774 -7.520264368033717 24.32039758473636
B0 0.22323254888646687 0.2570254089851619 2.9025392171408573
B1 0.11893538441435815 -1.802765579897446 5.436667625433824
B3 -0.007581050003262729 -2.246347118265028 11.345297754991229
B9 0.0675234497399515 -11.468758042247652 763.0406220038067
F0 0.1198256232246937 -6.558480438093256 46.963931406677
F2 0.13400837557697587 -5.4793364994638125 43.00840247960893
F5 0.15135299552398862 -3.519791955183313 9.96585251210597
F6 0.13783784535548493 -3.480743095863845 13.393578258967107
F8 0.19042839857982108 -3.1268515491607656 15.21320267283666
G0 0.19738774876622073 -2.6742101297844445 9.690831231988318
G2 0.23205721498276943 -2.986094380533922 11.950057294331774
G5 0.2740506922768204 -2.3411508612715233 6.600235598833924
G8 0.33419037871170554 -2.423462728220233 8.894579668834679
K0 0.3432193375959733 -2.841281435591865 7.492913042133143
K2 0.44857830121999803 -2.5630711573029 6.881285982372988
K3 0.5603873490783349 -1.6852667901545497 5.343281239139999
K4 0.5813613197480947 -1.7571381659249534 4.9947486232167195
K5 0.5871493425482108 -2.6308728399719574 7.11072327458901
K7 0.7693487546414801 -1.8682387971456837 5.522950051248729
M1 0.8573282356707297 -1.5937433048444596 4.87578897619836
M2 0.8683850710337142 -0.8573653422228252 4.18890770671035
M3 0.8366343095611593 -0.4162276396730316 4.19804141471453
M4 0.8304297604437917 -0.1541475748080306 4.278405771607425
M5 0.8189280173844709 0.6739103131426781 5.983545628925647
M6 0.7430670238847574 0.8779302190457405 8.772420960594369
rF6 0.18128587978451843 -4.159436907212433 13.602544529417422
rF8 0.1479968313906015 -3.14443343686221 14.642874456104522
rG0 0.22198564129038867 -3.254078475162246 10.262328735026816
rG5 0.22586955920384544 -2.4281007684682407 7.770476088882879
wF5 0.07775562985180073 -4.515727082970278 86.02691601700474
wF8 0.18582573364907234 -5.572075232217486 12.407541949666795
wG0 0.08070476859378672 -7.857760057612704 154.16889713053396
wG5 0.08070476859378672 -7.857760057612704 154.16889713053396
