 4085.0  1.871567  0.029820  1.871567  0.000000  0.000000
 4090.0  1.642101  0.044777  1.642101  0.000000  0.000000
 4095.0  1.327834  0.097320  1.327834  0.000000  0.000000
 4100.0  1.073181  0.140718  1.073181  0.000000  0.000000
 4105.0  1.113944  0.032936  1.113944  0.000000  0.000000
 4110.0  1.364009  0.122877  1.364009  0.000000  0.000000
 4115.0  1.621284  0.176463  1.621284  0.000000  0.000000
 4120.0  1.831318  0.151982  1.831318  0.000000  0.000000
 4125.0  1.968552  0.084405  1.968552  0.000000  0.000000
 4130.0  2.060154  0.029550  2.060154  0.000000  0.000000
 4135.0  2.151280  0.030634  2.151280  0.000000  0.000000
 4140.0  2.214909  0.032589  2.214909  0.000000  0.000000
 4145.0  2.249613  0.037404  2.249613  0.000000  0.000000
 4150.0  2.268199  0.051260  2.268199  0.000000  0.000000
 4155.0  2.269451  0.066339  2.269451  0.000000  0.000000
 4160.0  2.269143  0.069027  2.269143  0.000000  0.000000
 4165.0  2.263573  0.063775  2.263573  0.000000  0.000000
 4170.0  2.225933  0.061108  2.225933  0.000000  0.000000
 4175.0  2.195532  0.053204  2.195532  0.000000  0.000000
 4180.0  2.181200  0.033301  2.181200  0.000000  0.000000
 4185.0  2.181560  0.016382  2.181560  0.000000  0.000000
 4190.0  2.199191  0.018312  2.199191  0.000000  0.000000
 4195.0  2.208719  0.026605  2.208719  0.000000  0.000000
 4200.0  2.211377  0.057886  2.211377  0.000000  0.000000
 4205.0  2.247003  0.068836  2.247003  0.000000  0.000000
 4210.0  2.257165  0.069407  2.257165  0.000000  0.000000
 4215.0  2.229093  0.069060  2.229093  0.000000  0.000000
 4220.0  2.201925  0.057867  2.201925  0.000000  0.000000
 4225.0  2.167549  0.047131  2.167549  0.000000  0.000000
 4230.0  2.153373  0.036802  2.153373  0.000000  0.000000
 4235.0  2.153649  0.036222  2.153649  0.000000  0.000000
 4240.0  2.150010  0.062199  2.150010  0.000000  0.000000
 4245.0  2.124971  0.058594  2.124971  0.000000  0.000000
 4250.0  2.114018  0.068315  2.114018  0.000000  0.000000
 4255.0  2.115392  0.064670  2.115392  0.000000  0.000000
 4260.0  2.109489  0.055618  2.109489  0.000000  0.000000
 4265.0  2.110130  0.049180  2.110130  0.000000  0.000000
 4270.0  2.097033  0.058251  2.097033  0.000000  0.000000
 4275.0  2.117196  0.063338  2.117196  0.000000  0.000000
 4280.0  2.136546  0.100720  2.136546  0.000000  0.000000
 4285.0  2.126377  0.121321  2.126377  0.000000  0.000000
 4290.0  2.083192  0.124662  2.083192  0.000000  0.000000
 4295.0  2.037815  0.094492  2.037815  0.000000  0.000000
 4300.0  1.970364  0.074054  1.970364  0.000000  0.000000
 4305.0  1.932392  0.061043  1.932392  0.000000  0.000000
 4310.0  1.911035  0.074391  1.911035  0.000000  0.000000
 4315.0  1.881848  0.108937  1.881848  0.000000  0.000000
 4320.0  1.810205  0.138548  1.810205  0.000000  0.000000
 4325.0  1.652199  0.155486  1.652199  0.000000  0.000000
 4330.0  1.427604  0.143232  1.427604  0.000000  0.000000
 4335.0  1.148925  0.143314  1.148925  0.000000  0.000000
 4340.0  0.971719  0.132653  0.971719  0.000000  0.000000
 4345.0  1.053994  0.034260  1.053994  0.000000  0.000000
 4350.0  1.269570  0.033766  1.269570  0.000000  0.000000
 4355.0  1.506908  0.040170  1.506908  0.000000  0.000000
 4360.0  1.693613  0.003782  1.693613  0.000000  0.000000
 4365.0  1.824733  0.035306  1.824733  0.000000  0.000000
 4370.0  1.889272  0.051086  1.889272  0.000000  0.000000
 4375.0  1.915232  0.047821  1.915232  0.000000  0.000000
 4380.0  1.919991  0.043217  1.919991  0.000000  0.000000
 4385.0  1.915014  0.043326  1.915014  0.000000  0.000000
 4390.0  1.928407  0.042158  1.928407  0.000000  0.000000
 4395.0  1.935735  0.039164  1.935735  0.000000  0.000000
 4400.0  1.935139  0.036988  1.935139  0.000000  0.000000
 4405.0  1.941841  0.038015  1.941841  0.000000  0.000000
 4410.0  1.942488  0.039010  1.942488  0.000000  0.000000
 4415.0  1.924015  0.038463  1.924015  0.000000  0.000000
 4420.0  1.929782  0.030680  1.929782  0.000000  0.000000
 4425.0  1.935769  0.034735  1.935769  0.000000  0.000000
 4430.0  1.916791  0.025630  1.916791  0.000000  0.000000
 4435.0  1.908540  0.029992  1.908540  0.000000  0.000000
 4440.0  1.901613  0.022273  1.901613  0.000000  0.000000
 4445.0  1.905883  0.026755  1.905883  0.000000  0.000000
 4450.0  1.913008  0.032873  1.913008  0.000000  0.000000
 4455.0  1.904084  0.032868  1.904084  0.000000  0.000000
 4460.0  1.886469  0.026664  1.886469  0.000000  0.000000
 4465.0  1.867539  0.015091  1.867539  0.000000  0.000000
 4470.0  1.852080  0.011509  1.852080  0.000000  0.000000
 4475.0  1.848929  0.030039  1.848929  0.000000  0.000000
 4480.0  1.822841  0.011484  1.822841  0.000000  0.000000
 4485.0  1.831402  0.018147  1.831402  0.000000  0.000000
 4490.0  1.845854  0.022054  1.845854  0.000000  0.000000
 4495.0  1.855295  0.025077  1.855295  0.000000  0.000000
 4500.0  1.858850  0.023272  1.858850  0.000000  0.000000
 4505.0  1.860867  0.020347  1.860867  0.000000  0.000000
 4510.0  1.863026  0.025591  1.863026  0.000000  0.000000
 4515.0  1.848286  0.029209  1.848286  0.000000  0.000000
 4520.0  1.826406  0.033553  1.826406  0.000000  0.000000
 4525.0  1.809914  0.029738  1.809914  0.000000  0.000000
 4530.0  1.796286  0.022643  1.796286  0.000000  0.000000
 4535.0  1.802478  0.025552  1.802478  0.000000  0.000000
 4540.0  1.802790  0.025891  1.802790  0.000000  0.000000
 4545.0  1.771593  0.014162  1.771593  0.000000  0.000000
 4550.0  1.747621  0.030857  1.747621  0.000000  0.000000
 4555.0  1.754564  0.038176  1.754564  0.000000  0.000000
 4560.0  1.764052  0.037423  1.764052  0.000000  0.000000
 4565.0  1.758464  0.028500  1.758464  0.000000  0.000000
 4570.0  1.744937  0.022073  1.744937  0.000000  0.000000
 4575.0  1.739346  0.030857  1.739346  0.000000  0.000000
 4580.0  1.721821  0.031843  1.721821  0.000000  0.000000
 4585.0  1.702466  0.022938  1.702466  0.000000  0.000000
 4590.0  1.710641  0.029834  1.710641  0.000000  0.000000
 4595.0  1.721394  0.028540  1.721394  0.000000  0.000000
 4600.0  1.720887  0.012669  1.720887  0.000000  0.000000
 4605.0  1.727435  0.006850  1.727435  0.000000  0.000000
 4610.0  1.722228  0.013510  1.722228  0.000000  0.000000
 4615.0  1.708244  0.022254  1.708244  0.000000  0.000000
 4620.0  1.708604  0.022440  1.708604  0.000000  0.000000
 4625.0  1.696159  0.016153  1.696159  0.000000  0.000000
 4630.0  1.682961  0.017415  1.682961  0.000000  0.000000
 4635.0  1.680371  0.020283  1.680371  0.000000  0.000000
 4640.0  1.681650  0.019682  1.681650  0.000000  0.000000
 4645.0  1.677869  0.018091  1.677869  0.000000  0.000000
 4650.0  1.681063  0.021995  1.681063  0.000000  0.000000
 4655.0  1.678982  0.018312  1.678982  0.000000  0.000000
 4660.0  1.674366  0.019397  1.674366  0.000000  0.000000
 4665.0  1.659065  0.028303  1.659065  0.000000  0.000000
 4670.0  1.643987  0.020764  1.643987  0.000000  0.000000
 4675.0  1.636964  0.020626  1.636964  0.000000  0.000000
 4680.0  1.640570  0.034470  1.640570  0.000000  0.000000
 4685.0  1.654559  0.042130  1.654559  0.000000  0.000000
 4690.0  1.644642  0.011816  1.644642  0.000000  0.000000
 4695.0  1.641658  0.026051  1.641658  0.000000  0.000000
 4700.0  1.637853  0.038456  1.637853  0.000000  0.000000
 4705.0  1.636871  0.040308  1.636871  0.000000  0.000000
 4710.0  1.625782  0.044911  1.625782  0.000000  0.000000
 4715.0  1.602599  0.031189  1.602599  0.000000  0.000000
 4720.0  1.591068  0.025304  1.591068  0.000000  0.000000
 4725.0  1.592402  0.035593  1.592402  0.000000  0.000000
 4730.0  1.583284  0.034395  1.583284  0.000000  0.000000
 4735.0  1.568989  0.017529  1.568989  0.000000  0.000000
 4740.0  1.568756  0.010177  1.568756  0.000000  0.000000
 4745.0  1.573964  0.018660  1.573964  0.000000  0.000000
 4750.0  1.573592  0.020135  1.573592  0.000000  0.000000
 4755.0  1.563951  0.016100  1.563951  0.000000  0.000000
 4760.0  1.543588  0.013135  1.543588  0.000000  0.000000
 4765.0  1.536354  0.013542  1.536354  0.000000  0.000000
 4770.0  1.534852  0.019697  1.534852  0.000000  0.000000
 4775.0  1.538411  0.025552  1.538411  0.000000  0.000000
 4780.0  1.534401  0.017150  1.534401  0.000000  0.000000
 4785.0  1.532353  0.016881  1.532353  0.000000  0.000000
 4790.0  1.536658  0.020368  1.536658  0.000000  0.000000
 4795.0  1.532649  0.023986  1.532649  0.000000  0.000000
 4800.0  1.507267  0.018514  1.507267  0.000000  0.000000
 4805.0  1.490010  0.020049  1.490010  0.000000  0.000000
 4810.0  1.475463  0.022008  1.475463  0.000000  0.000000
 4815.0  1.464820  0.013721  1.464820  0.000000  0.000000
 4820.0  1.446877  0.012556  1.446877  0.000000  0.000000
 4825.0  1.414371  0.014422  1.414371  0.000000  0.000000
 4830.0  1.382949  0.014915  1.382949  0.000000  0.000000
 4835.0  1.345409  0.035715  1.345409  0.000000  0.000000
 4840.0  1.292800  0.053210  1.292800  0.000000  0.000000
 4845.0  1.205864  0.058639  1.205864  0.000000  0.000000
 4850.0  1.066348  0.060447  1.066348  0.000000  0.000000
 4855.0  0.876355  0.079867  0.876355  0.000000  0.000000
 4860.0  0.740252  0.085383  0.740252  0.000000  0.000000
 4865.0  0.799844  0.023494  0.799844  0.000000  0.000000
 4870.0  0.949182  0.051749  0.949182  0.000000  0.000000
 4875.0  1.085515  0.044061  1.085515  0.000000  0.000000
 4880.0  1.199023  0.012675  1.199023  0.000000  0.000000
 4885.0  1.274462  0.017655  1.274462  0.000000  0.000000
 4890.0  1.326849  0.025813  1.326849  0.000000  0.000000
 4895.0  1.360454  0.023753  1.360454  0.000000  0.000000
 4900.0  1.370639  0.014506  1.370639  0.000000  0.000000
 4905.0  1.381424  0.015110  1.381424  0.000000  0.000000
 4910.0  1.390310  0.018850  1.390310  0.000000  0.000000
 4915.0  1.387375  0.025105  1.387375  0.000000  0.000000
 4920.0  1.369356  0.029106  1.369356  0.000000  0.000000
 4925.0  1.371291  0.017817  1.371291  0.000000  0.000000
 4930.0  1.380753  0.025111  1.380753  0.000000  0.000000
 4935.0  1.375868  0.018598  1.375868  0.000000  0.000000
 4940.0  1.389200  0.018378  1.389200  0.000000  0.000000
 4945.0  1.403090  0.019631  1.403090  0.000000  0.000000
 4950.0  1.396418  0.016919  1.396418  0.000000  0.000000
 4955.0  1.380802  0.020142  1.380802  0.000000  0.000000
 4960.0  1.387028  0.020891  1.387028  0.000000  0.000000
 4965.0  1.393493  0.020480  1.393493  0.000000  0.000000
 4970.0  1.393398  0.023028  1.393398  0.000000  0.000000
 4975.0  1.393729  0.024669  1.393729  0.000000  0.000000
 4980.0  1.373950  0.028871  1.373950  0.000000  0.000000
 4985.0  1.358311  0.024180  1.358311  0.000000  0.000000
 4990.0  1.362219  0.029027  1.362219  0.000000  0.000000
 4995.0  1.351835  0.024233  1.351835  0.000000  0.000000
 5000.0  1.336844  0.013695  1.336844  0.000000  0.000000
 5005.0  1.337480  0.021318  1.337480  0.000000  0.000000
 5010.0  1.334718  0.021180  1.334718  0.000000  0.000000
 5015.0  1.315520  0.027373  1.315520  0.000000  0.000000
 5020.0  1.311738  0.024573  1.311738  0.000000  0.000000
 5025.0  1.328276  0.018432  1.328276  0.000000  0.000000
 5030.0  1.326832  0.014595  1.326832  0.000000  0.000000
 5035.0  1.324649  0.021116  1.324649  0.000000  0.000000
 5040.0  1.320409  0.022769  1.320409  0.000000  0.000000
 5045.0  1.320525  0.021415  1.320525  0.000000  0.000000
 5050.0  1.311644  0.016259  1.311644  0.000000  0.000000
 5055.0  1.308595  0.016569  1.308595  0.000000  0.000000
 5060.0  1.315903  0.020661  1.315903  0.000000  0.000000
 5065.0  1.307889  0.014278  1.307889  0.000000  0.000000
 5070.0  1.308864  0.022414  1.308864  0.000000  0.000000
 5075.0  1.299827  0.021529  1.299827  0.000000  0.000000
 5080.0  1.294157  0.023650  1.294157  0.000000  0.000000
 5085.0  1.303408  0.024584  1.303408  0.000000  0.000000
 5090.0  1.306235  0.023900  1.306235  0.000000  0.000000
 5095.0  1.295048  0.023376  1.295048  0.000000  0.000000
 5100.0  1.286553  0.025008  1.286553  0.000000  0.000000
 5105.0  1.291311  0.021103  1.291311  0.000000  0.000000
 5110.0  1.292820  0.020046  1.292820  0.000000  0.000000
 5115.0  1.300972  0.027253  1.300972  0.000000  0.000000
 5120.0  1.292756  0.027493  1.292756  0.000000  0.000000
 5125.0  1.278494  0.033498  1.278494  0.000000  0.000000
 5130.0  1.275868  0.033962  1.275868  0.000000  0.000000
 5135.0  1.271073  0.033996  1.271073  0.000000  0.000000
 5140.0  1.263027  0.031838  1.263027  0.000000  0.000000
 5145.0  1.260117  0.027863  1.260117  0.000000  0.000000
 5150.0  1.252581  0.023571  1.252581  0.000000  0.000000
 5155.0  1.242483  0.019499  1.242483  0.000000  0.000000
 5160.0  1.234197  0.017615  1.234197  0.000000  0.000000
 5165.0  1.203999  0.025907  1.203999  0.000000  0.000000
 5170.0  1.188146  0.025482  1.188146  0.000000  0.000000
 5175.0  1.207414  0.017196  1.207414  0.000000  0.000000
 5180.0  1.208427  0.010226  1.208427  0.000000  0.000000
 5185.0  1.198629  0.022860  1.198629  0.000000  0.000000
 5190.0  1.203530  0.024813  1.203530  0.000000  0.000000
 5195.0  1.203652  0.019488  1.203652  0.000000  0.000000
 5200.0  1.192720  0.009709  1.192720  0.000000  0.000000
 5205.0  1.181677  0.005736  1.181677  0.000000  0.000000
 5210.0  1.187004  0.012267  1.187004  0.000000  0.000000
 5215.0  1.196549  0.010042  1.196549  0.000000  0.000000
 5220.0  1.201535  0.017447  1.201535  0.000000  0.000000
 5225.0  1.189719  0.038318  1.189719  0.000000  0.000000
 5230.0  1.182821  0.042993  1.182821  0.000000  0.000000
 5235.0  1.181218  0.030982  1.181218  0.000000  0.000000
 5240.0  1.178149  0.014673  1.178149  0.000000  0.000000
 5245.0  1.178211  0.007116  1.178211  0.000000  0.000000
 5250.0  1.173713  0.013113  1.173713  0.000000  0.000000
 5255.0  1.176514  0.015086  1.176514  0.000000  0.000000
 5260.0  1.165546  0.020135  1.165546  0.000000  0.000000
 5265.0  1.138234  0.023413  1.138234  0.000000  0.000000
 5270.0  1.125457  0.015428  1.125457  0.000000  0.000000
 5275.0  1.125626  0.007176  1.125626  0.000000  0.000000
 5280.0  1.131924  0.007612  1.131924  0.000000  0.000000
 5285.0  1.144124  0.014197  1.144124  0.000000  0.000000
 5290.0  1.157735  0.014298  1.157735  0.000000  0.000000
 5295.0  1.160639  0.013053  1.160639  0.000000  0.000000
 5300.0  1.152411  0.013200  1.152411  0.000000  0.000000
 5305.0  1.141087  0.011391  1.141087  0.000000  0.000000
 5310.0  1.128224  0.005227  1.128224  0.000000  0.000000
 5315.0  1.121126  0.010142  1.121126  0.000000  0.000000
 5320.0  1.124102  0.015115  1.124102  0.000000  0.000000
 5325.0  1.115967  0.017550  1.115967  0.000000  0.000000
 5330.0  1.109685  0.012337  1.109685  0.000000  0.000000
 5335.0  1.109900  0.008398  1.109900  0.000000  0.000000
 5340.0  1.113292  0.011207  1.113292  0.000000  0.000000
 5345.0  1.118225  0.006681  1.118225  0.000000  0.000000
 5350.0  1.127562  0.009731  1.127562  0.000000  0.000000
 5355.0  1.130347  0.012981  1.130347  0.000000  0.000000
 5360.0  1.114008  0.014392  1.114008  0.000000  0.000000
 5365.0  1.096971  0.013286  1.096971  0.000000  0.000000
 5370.0  1.088406  0.005872  1.088406  0.000000  0.000000
 5375.0  1.092872  0.002880  1.092872  0.000000  0.000000
 5380.0  1.096639  0.006134  1.096639  0.000000  0.000000
 5385.0  1.099284  0.011194  1.099284  0.000000  0.000000
 5390.0  1.098863  0.012383  1.098863  0.000000  0.000000
 5395.0  1.087443  0.012291  1.087443  0.000000  0.000000
 5400.0  1.075101  0.011207  1.075101  0.000000  0.000000
 5405.0  1.067527  0.009635  1.067527  0.000000  0.000000
 5410.0  1.069422  0.008338  1.069422  0.000000  0.000000
 5415.0  1.072702  0.007970  1.072702  0.000000  0.000000
 5420.0  1.071494  0.008440  1.071494  0.000000  0.000000
 5425.0  1.063486  0.009156  1.063486  0.000000  0.000000
 5430.0  1.056304  0.005362  1.056304  0.000000  0.000000
 5435.0  1.057664  0.001774  1.057664  0.000000  0.000000
 5440.0  1.058368  0.001070  1.058368  0.000000  0.000000
 5445.0  1.058678  0.005686  1.058678  0.000000  0.000000
 5450.0  1.059019  0.011840  1.059019  0.000000  0.000000
 5455.0  1.058570  0.015275  1.058570  0.000000  0.000000
 5460.0  1.057960  0.013684  1.057960  0.000000  0.000000
 5465.0  1.054021  0.010731  1.054021  0.000000  0.000000
 5470.0  1.047414  0.010482  1.047414  0.000000  0.000000
 5475.0  1.042513  0.011397  1.042513  0.000000  0.000000
 5480.0  1.042664  0.011497  1.042664  0.000000  0.000000
 5485.0  1.044128  0.010275  1.044128  0.000000  0.000000
 5490.0  1.037018  0.013917  1.037018  0.000000  0.000000
 5495.0  1.033671  0.007602  1.033671  0.000000  0.000000
 5500.0  1.031497  0.005610  1.031497  0.000000  0.000000
 5505.0  1.022962  0.005847  1.022962  0.000000  0.000000
 5510.0  1.015458  0.006028  1.015458  0.000000  0.000000
 5515.0  1.020975  0.005309  1.020975  0.000000  0.000000
 5520.0  1.021036  0.001814  1.021036  0.000000  0.000000
 5525.0  1.013966  0.004195  1.013966  0.000000  0.000000
 5530.0  1.008259  0.003628  1.008259  0.000000  0.000000
 5535.0  1.009308  0.009702  1.009308  0.000000  0.000000
 5540.0  1.005198  0.010590  1.005198  0.000000  0.000000
 5545.0  1.003282  0.007593  1.003282  0.000000  0.000000
 5550.0  1.011062  0.005376  1.011062  0.000000  0.000000
 5555.0  1.012813  0.005018  1.012813  0.000000  0.000000
 5560.0  1.009363  0.010870  1.009363  0.000000  0.000000
 5565.0  1.001138  0.013605  1.001138  0.000000  0.000000
 5570.0  0.995758  0.008761  0.995758  0.000000  0.000000
 5575.0  0.995112  0.002238  0.995112  0.000000  0.000000
 5580.0  0.993655  0.001415  0.993655  0.000000  0.000000
 5585.0  0.985399  0.005565  0.985399  0.000000  0.000000
 5590.0  0.980309  0.006306  0.980309  0.000000  0.000000
 5595.0  0.971510  0.009456  0.971510  0.000000  0.000000
 5600.0  0.969788  0.005295  0.969788  0.000000  0.000000
 5605.0  0.971245  0.011030  0.971245  0.000000  0.000000
 5610.0  0.969932  0.012516  0.969932  0.000000  0.000000
 5615.0  0.961350  0.006734  0.961350  0.000000  0.000000
 5620.0  0.961391  0.008050  0.961391  0.000000  0.000000
 5625.0  0.964294  0.006761  0.964294  0.000000  0.000000
 5630.0  0.963931  0.006203  0.963931  0.000000  0.000000
 5635.0  0.964918  0.001712  0.964918  0.000000  0.000000
 5640.0  0.964163  0.003912  0.964163  0.000000  0.000000
 5645.0  0.959639  0.002189  0.959639  0.000000  0.000000
 5650.0  0.952994  0.005711  0.952994  0.000000  0.000000
 5655.0  0.944186  0.006452  0.944186  0.000000  0.000000
 5660.0  0.934322  0.012162  0.934322  0.000000  0.000000
 5665.0  0.935654  0.008389  0.935654  0.000000  0.000000
 5670.0  0.940013  0.004091  0.940013  0.000000  0.000000
 5675.0  0.940889  0.005920  0.940889  0.000000  0.000000
 5680.0  0.932962  0.006611  0.932962  0.000000  0.000000
 5685.0  0.925541  0.011466  0.925541  0.000000  0.000000
 5690.0  0.926619  0.023407  0.926619  0.000000  0.000000
 5695.0  0.922722  0.021355  0.922722  0.000000  0.000000
 5700.0  0.919115  0.010854  0.919115  0.000000  0.000000
 5705.0  0.918732  0.005213  0.918732  0.000000  0.000000
 5710.0  0.922994  0.013747  0.922994  0.000000  0.000000
 5715.0  0.927025  0.016730  0.927025  0.000000  0.000000
 5720.0  0.923747  0.017509  0.923747  0.000000  0.000000
 5725.0  0.920432  0.010754  0.920432  0.000000  0.000000
 5730.0  0.916399  0.003657  0.916399  0.000000  0.000000
 5735.0  0.912506  0.001337  0.912506  0.000000  0.000000
 5740.0  0.907463  0.002019  0.907463  0.000000  0.000000
 5745.0  0.901393  0.004609  0.901393  0.000000  0.000000
 5750.0  0.896856  0.007141  0.896856  0.000000  0.000000
 5755.0  0.896227  0.005422  0.896227  0.000000  0.000000
 5760.0  0.902244  0.008744  0.902244  0.000000  0.000000
 5765.0  0.899645  0.010067  0.899645  0.000000  0.000000
 5770.0  0.891126  0.007640  0.891126  0.000000  0.000000
 5775.0  0.883296  0.008462  0.883296  0.000000  0.000000
 5780.0  0.874814  0.008612  0.874814  0.000000  0.000000
 5785.0  0.875782  0.009073  0.875782  0.000000  0.000000
 5790.0  0.876350  0.009691  0.876350  0.000000  0.000000
 5795.0  0.868799  0.010403  0.868799  0.000000  0.000000
 5800.0  0.867793  0.012496  0.867793  0.000000  0.000000
 5805.0  0.871261  0.019521  0.871261  0.000000  0.000000
 5810.0  0.868453  0.020096  0.868453  0.000000  0.000000
 5815.0  0.866922  0.015272  0.866922  0.000000  0.000000
 5820.0  0.870531  0.009353  0.870531  0.000000  0.000000
 5825.0  0.874054  0.003319  0.874054  0.000000  0.000000
 5830.0  0.877312  0.003763  0.877312  0.000000  0.000000
 5835.0  0.873676  0.001712  0.873676  0.000000  0.000000
 5840.0  0.868309  0.003839  0.868309  0.000000  0.000000
 5845.0  0.863822  0.005642  0.863822  0.000000  0.000000
 5850.0  0.863795  0.007626  0.863795  0.000000  0.000000
 5855.0  0.860255  0.003049  0.860255  0.000000  0.000000
 5860.0  0.864186  0.005779  0.864186  0.000000  0.000000
 5865.0  0.861657  0.006151  0.861657  0.000000  0.000000
 5870.0  0.855994  0.004427  0.855994  0.000000  0.000000
 5875.0  0.849204  0.006081  0.849204  0.000000  0.000000
 5880.0  0.840569  0.011011  0.840569  0.000000  0.000000
 5885.0  0.823010  0.012056  0.823010  0.000000  0.000000
 5890.0  0.808472  0.023123  0.808472  0.000000  0.000000
 5895.0  0.809661  0.018141  0.809661  0.000000  0.000000
 5900.0  0.827730  0.024728  0.827730  0.000000  0.000000
 5905.0  0.830761  0.020497  0.830761  0.000000  0.000000
 5910.0  0.826676  0.015131  0.826676  0.000000  0.000000
 5915.0  0.826644  0.015772  0.826644  0.000000  0.000000
 5920.0  0.825769  0.017404  0.825769  0.000000  0.000000
 5925.0  0.821208  0.014670  0.821208  0.000000  0.000000
 5930.0  0.819709  0.013989  0.819709  0.000000  0.000000
 5935.0  0.819495  0.014285  0.819495  0.000000  0.000000
 5940.0  0.814234  0.011388  0.814234  0.000000  0.000000
 5945.0  0.807174  0.013203  0.807174  0.000000  0.000000
 5950.0  0.804822  0.013137  0.804822  0.000000  0.000000
 5955.0  0.804437  0.015408  0.804437  0.000000  0.000000
 5960.0  0.802840  0.014382  0.802840  0.000000  0.000000
 5965.0  0.804999  0.013489  0.804999  0.000000  0.000000
 5970.0  0.802897  0.010714  0.802897  0.000000  0.000000
 5975.0  0.799626  0.009939  0.799626  0.000000  0.000000
 5980.0  0.797863  0.014816  0.797863  0.000000  0.000000
 5985.0  0.797071  0.018434  0.797071  0.000000  0.000000
 5990.0  0.792456  0.014883  0.792456  0.000000  0.000000
 5995.0  0.794637  0.013666  0.794637  0.000000  0.000000
 6000.0  0.794601  0.011792  0.794601  0.000000  0.000000
 6005.0  0.791093  0.007783  0.791093  0.000000  0.000000
 6010.0  0.788428  0.007560  0.788428  0.000000  0.000000
 6015.0  0.785948  0.012291  0.785948  0.000000  0.000000
 6020.0  0.782421  0.016274  0.782421  0.000000  0.000000
 6025.0  0.781103  0.015034  0.781103  0.000000  0.000000
 6030.0  0.779333  0.012929  0.779333  0.000000  0.000000
 6035.0  0.778514  0.010275  0.778514  0.000000  0.000000
 6040.0  0.775160  0.008325  0.775160  0.000000  0.000000
 6045.0  0.776237  0.006766  0.776237  0.000000  0.000000
 6050.0  0.773777  0.006713  0.773777  0.000000  0.000000
 6055.0  0.771288  0.007682  0.771288  0.000000  0.000000
 6060.0  0.770566  0.007696  0.770566  0.000000  0.000000
 6065.0  0.768194  0.007387  0.768194  0.000000  0.000000
 6070.0  0.768426  0.009467  0.768426  0.000000  0.000000
 6075.0  0.763557  0.008478  0.763557  0.000000  0.000000
 6080.0  0.757481  0.011460  0.757481  0.000000  0.000000
 6085.0  0.755058  0.011725  0.755058  0.000000  0.000000
 6090.0  0.755177  0.010303  0.755177  0.000000  0.000000
 6095.0  0.754559  0.010135  0.754559  0.000000  0.000000
 6100.0  0.752717  0.010032  0.752717  0.000000  0.000000
 6105.0  0.748703  0.011846  0.748703  0.000000  0.000000
 6110.0  0.748352  0.015572  0.748352  0.000000  0.000000
 6115.0  0.749442  0.011813  0.749442  0.000000  0.000000
 6120.0  0.747081  0.007479  0.747081  0.000000  0.000000
 6125.0  0.745749  0.009761  0.745749  0.000000  0.000000
 6130.0  0.746761  0.010124  0.746761  0.000000  0.000000
 6135.0  0.744312  0.007402  0.744312  0.000000  0.000000
 6140.0  0.738706  0.006306  0.738706  0.000000  0.000000
 6145.0  0.732324  0.007512  0.732324  0.000000  0.000000
 6150.0  0.727165  0.010968  0.727165  0.000000  0.000000
 6155.0  0.721943  0.011497  0.721943  0.000000  0.000000
 6160.0  0.720105  0.010092  0.720105  0.000000  0.000000
 6165.0  0.725232  0.009834  0.725232  0.000000  0.000000
 6170.0  0.724474  0.008902  0.724474  0.000000  0.000000
 6175.0  0.728876  0.012212  0.728876  0.000000  0.000000
 6180.0  0.726868  0.009982  0.726868  0.000000  0.000000
 6185.0  0.722772  0.008596  0.722772  0.000000  0.000000
 6190.0  0.724229  0.007171  0.724229  0.000000  0.000000
 6195.0  0.730074  0.014477  0.730074  0.000000  0.000000
 6200.0  0.726416  0.012065  0.726416  0.000000  0.000000
 6205.0  0.719998  0.008707  0.719998  0.000000  0.000000
 6210.0  0.716323  0.009241  0.716323  0.000000  0.000000
 6215.0  0.713357  0.009538  0.713357  0.000000  0.000000
 6220.0  0.708544  0.010000  0.708544  0.000000  0.000000
 6225.0  0.704178  0.010885  0.704178  0.000000  0.000000
 6230.0  0.701025  0.010589  0.701025  0.000000  0.000000
 6235.0  0.700081  0.007642  0.700081  0.000000  0.000000
 6240.0  0.698933  0.006638  0.698933  0.000000  0.000000
 6245.0  0.698172  0.005025  0.698172  0.000000  0.000000
 6250.0  0.698888  0.006226  0.698888  0.000000  0.000000
 6255.0  0.701625  0.006858  0.701625  0.000000  0.000000
 6260.0  0.700791  0.007265  0.700791  0.000000  0.000000
 6265.0  0.694674  0.010320  0.694674  0.000000  0.000000
 6270.0  0.687126  0.011140  0.687126  0.000000  0.000000
 6275.0  0.676533  0.007131  0.676533  0.000000  0.000000
 6280.0  0.665254  0.008514  0.665254  0.000000  0.000000
 6285.0  0.674913  0.006632  0.674913  0.000000  0.000000
 6290.0  0.680504  0.010150  0.680504  0.000000  0.000000
 6295.0  0.680416  0.012977  0.680416  0.000000  0.000000
 6300.0  0.676011  0.009837  0.676011  0.000000  0.000000
 6305.0  0.673755  0.008449  0.673755  0.000000  0.000000
 6310.0  0.672402  0.008560  0.672402  0.000000  0.000000
 6315.0  0.669672  0.009381  0.669672  0.000000  0.000000
 6320.0  0.671742  0.009085  0.671742  0.000000  0.000000
 6325.0  0.675309  0.008645  0.675309  0.000000  0.000000
 6330.0  0.672874  0.008960  0.672874  0.000000  0.000000
 6335.0  0.671399  0.007569  0.671399  0.000000  0.000000
 6340.0  0.669285  0.008282  0.669285  0.000000  0.000000
 6345.0  0.662524  0.006643  0.662524  0.000000  0.000000
 6350.0  0.660750  0.008600  0.660750  0.000000  0.000000
 6355.0  0.665366  0.009752  0.665366  0.000000  0.000000
 6360.0  0.666667  0.008795  0.666667  0.000000  0.000000
 6365.0  0.664504  0.007319  0.664504  0.000000  0.000000
 6370.0  0.659935  0.007040  0.659935  0.000000  0.000000
 6375.0  0.660673  0.007555  0.660673  0.000000  0.000000
 6380.0  0.661222  0.008149  0.661222  0.000000  0.000000
 6385.0  0.657684  0.010193  0.657684  0.000000  0.000000
 6390.0  0.654948  0.012941  0.654948  0.000000  0.000000
 6395.0  0.655631  0.011834  0.655631  0.000000  0.000000
 6400.0  0.656793  0.008325  0.656793  0.000000  0.000000
 6405.0  0.654182  0.008387  0.654182  0.000000  0.000000
 6410.0  0.650239  0.008211  0.650239  0.000000  0.000000
 6415.0  0.648577  0.006546  0.648577  0.000000  0.000000
 6420.0  0.646361  0.008134  0.646361  0.000000  0.000000
 6425.0  0.648377  0.008160  0.648377  0.000000  0.000000
 6430.0  0.646862  0.007424  0.646862  0.000000  0.000000
 6435.0  0.647049  0.007010  0.647049  0.000000  0.000000
 6440.0  0.647712  0.008838  0.647712  0.000000  0.000000
 6445.0  0.641928  0.008650  0.641928  0.000000  0.000000
 6450.0  0.637801  0.006992  0.637801  0.000000  0.000000
 6455.0  0.633519  0.006195  0.633519  0.000000  0.000000
 6460.0  0.632811  0.004621  0.632811  0.000000  0.000000
 6465.0  0.633750  0.007813  0.633750  0.000000  0.000000
 6470.0  0.631497  0.008041  0.631497  0.000000  0.000000
 6475.0  0.626400  0.009520  0.626400  0.000000  0.000000
 6480.0  0.623332  0.009421  0.623332  0.000000  0.000000
 6485.0  0.623460  0.008156  0.623460  0.000000  0.000000
 6490.0  0.618315  0.006480  0.618315  0.000000  0.000000
 6495.0  0.613227  0.007121  0.613227  0.000000  0.000000
 6500.0  0.617240  0.007498  0.617240  0.000000  0.000000
 6505.0  0.618455  0.009678  0.618455  0.000000  0.000000
 6510.0  0.612423  0.007428  0.612423  0.000000  0.000000
 6515.0  0.604327  0.006543  0.604327  0.000000  0.000000
 6520.0  0.599741  0.007280  0.599741  0.000000  0.000000
 6525.0  0.593783  0.009646  0.593783  0.000000  0.000000
 6530.0  0.585786  0.011032  0.585786  0.000000  0.000000
 6535.0  0.577994  0.007452  0.577994  0.000000  0.000000
 6540.0  0.559423  0.007081  0.559423  0.000000  0.000000
 6545.0  0.530566  0.007682  0.530566  0.000000  0.000000
 6550.0  0.494820  0.007721  0.494820  0.000000  0.000000
 6555.0  0.445639  0.003894  0.445639  0.000000  0.000000
 6560.0  0.387141  0.017320  0.387141  0.000000  0.000000
 6565.0  0.383494  0.021140  0.383494  0.000000  0.000000
 6570.0  0.440645  0.013790  0.440645  0.000000  0.000000
 6575.0  0.490634  0.013513  0.490634  0.000000  0.000000
 6580.0  0.526743  0.009544  0.526743  0.000000  0.000000
 6585.0  0.550450  0.008271  0.550450  0.000000  0.000000
 6590.0  0.567959  0.006912  0.567959  0.000000  0.000000
 6595.0  0.576827  0.006235  0.576827  0.000000  0.000000
 6600.0  0.581570  0.005210  0.581570  0.000000  0.000000
 6605.0  0.582938  0.005950  0.582938  0.000000  0.000000
 6610.0  0.585495  0.005258  0.585495  0.000000  0.000000
 6615.0  0.589771  0.004784  0.589771  0.000000  0.000000
 6620.0  0.588803  0.005632  0.588803  0.000000  0.000000
 6625.0  0.590842  0.005565  0.590842  0.000000  0.000000
 6630.0  0.588545  0.005369  0.588545  0.000000  0.000000
 6635.0  0.586986  0.005783  0.586986  0.000000  0.000000
 6640.0  0.588796  0.004713  0.588796  0.000000  0.000000
 6645.0  0.587881  0.005151  0.587881  0.000000  0.000000
 6650.0  0.586622  0.006326  0.586622  0.000000  0.000000
 6655.0  0.583577  0.008256  0.583577  0.000000  0.000000
 6660.0  0.582297  0.007809  0.582297  0.000000  0.000000
 6665.0  0.577257  0.012349  0.577257  0.000000  0.000000
 6670.0  0.576840  0.010804  0.576840  0.000000  0.000000
 6675.0  0.574182  0.012133  0.574182  0.000000  0.000000
 6680.0  0.575010  0.009521  0.575010  0.000000  0.000000
 6685.0  0.577058  0.006354  0.577058  0.000000  0.000000
 6690.0  0.577292  0.006022  0.577292  0.000000  0.000000
 6695.0  0.576001  0.005692  0.576001  0.000000  0.000000
 6700.0  0.572869  0.005661  0.572869  0.000000  0.000000
 6705.0  0.572201  0.004495  0.572201  0.000000  0.000000
 6710.0  0.569137  0.003623  0.569137  0.000000  0.000000
 6715.0  0.565666  0.005438  0.565666  0.000000  0.000000
 6720.0  0.566061  0.005011  0.566061  0.000000  0.000000
 6725.0  0.567662  0.005292  0.567662  0.000000  0.000000
 6730.0  0.563994  0.009360  0.563994  0.000000  0.000000
 6735.0  0.562363  0.007317  0.562363  0.000000  0.000000
 6740.0  0.559562  0.005588  0.559562  0.000000  0.000000
 6745.0  0.559246  0.002123  0.559246  0.000000  0.000000
 6750.0  0.558876  0.001571  0.558876  0.000000  0.000000
 6755.0  0.557265  0.004960  0.557265  0.000000  0.000000
 6760.0  0.556734  0.007700  0.556734  0.000000  0.000000
 6765.0  0.555203  0.008173  0.555203  0.000000  0.000000
 6770.0  0.553600  0.005386  0.553600  0.000000  0.000000
 6775.0  0.552449  0.003078  0.552449  0.000000  0.000000
 6780.0  0.552745  0.001853  0.552745  0.000000  0.000000
 6785.0  0.550434  0.005458  0.550434  0.000000  0.000000
 6790.0  0.552717  0.006608  0.552717  0.000000  0.000000
 6795.0  0.553126  0.007467  0.553126  0.000000  0.000000
 6800.0  0.551552  0.007605  0.551552  0.000000  0.000000
 6805.0  0.551454  0.007534  0.551454  0.000000  0.000000
 6810.0  0.549133  0.007672  0.549133  0.000000  0.000000
 6815.0  0.548740  0.008162  0.548740  0.000000  0.000000
 6820.0  0.547746  0.009087  0.547746  0.000000  0.000000
 6825.0  0.544781  0.009183  0.544781  0.000000  0.000000
 6830.0  0.542914  0.006031  0.542914  0.000000  0.000000
 6835.0  0.541328  0.002766  0.541328  0.000000  0.000000
 6840.0  0.539912  0.000946  0.539912  0.000000  0.000000
 6845.0  0.540229  0.002516  0.540229  0.000000  0.000000
 6850.0  0.542038  0.005689  0.542038  0.000000  0.000000
 6855.0  0.543049  0.008008  0.543049  0.000000  0.000000
 6860.0  0.541932  0.007988  0.541932  0.000000  0.000000
 6865.0  0.539451  0.006471  0.539451  0.000000  0.000000
 6870.0  0.537691  0.005752  0.537691  0.000000  0.000000
 6875.0  0.537832  0.007109  0.537832  0.000000  0.000000
 6880.0  0.538934  0.009521  0.538934  0.000000  0.000000
 6885.0  0.538634  0.010396  0.538634  0.000000  0.000000
 6890.0  0.535100  0.007728  0.535100  0.000000  0.000000
 6895.0  0.528770  0.002001  0.528770  0.000000  0.000000
 6900.0  0.522335  0.003852  0.522335  0.000000  0.000000
 6905.0  0.518858  0.006452  0.518858  0.000000  0.000000
 6910.0  0.519544  0.004499  0.519544  0.000000  0.000000
 6915.0  0.522964  0.000500  0.522964  0.000000  0.000000
 6920.0  0.526103  0.005095  0.526103  0.000000  0.000000
 6925.0  0.526447  0.006675  0.526447  0.000000  0.000000
 6930.0  0.523623  0.004784  0.523623  0.000000  0.000000
 6935.0  0.519398  0.001364  0.519398  0.000000  0.000000
 6940.0  0.516242  0.000887  0.516242  0.000000  0.000000
 6945.0  0.515648  0.000267  0.515648  0.000000  0.000000
 6950.0  0.517246  0.002614  0.517246  0.000000  0.000000
 6955.0  0.519189  0.005956  0.519189  0.000000  0.000000
 6960.0  0.519594  0.007602  0.519594  0.000000  0.000000
 6965.0  0.517884  0.006920  0.517884  0.000000  0.000000
 6970.0  0.514923  0.004968  0.514923  0.000000  0.000000
 6975.0  0.512839  0.004605  0.512839  0.000000  0.000000
 6980.0  0.511897  0.004899  0.511897  0.000000  0.000000
 6985.0  0.512649  0.007909  0.512649  0.000000  0.000000
 6990.0  0.509168  0.007700  0.509168  0.000000  0.000000
 6995.0  0.508755  0.008510  0.508755  0.000000  0.000000
 7000.0  0.507389  0.009583  0.507389  0.000000  0.000000
 7005.0  0.504241  0.007600  0.504241  0.000000  0.000000
 7010.0  0.503905  0.006171  0.503905  0.000000  0.000000
 7015.0  0.501765  0.006084  0.501765  0.000000  0.000000
 7020.0  0.499839  0.008683  0.499839  0.000000  0.000000
 7025.0  0.497949  0.010016  0.497949  0.000000  0.000000
 7030.0  0.499422  0.005428  0.499422  0.000000  0.000000
 7035.0  0.498656  0.002760  0.498656  0.000000  0.000000
 7040.0  0.495765  0.004405  0.495765  0.000000  0.000000
 7045.0  0.496395  0.004678  0.496395  0.000000  0.000000
 7050.0  0.499189  0.008451  0.499189  0.000000  0.000000
 7055.0  0.499314  0.009391  0.499314  0.000000  0.000000
 7060.0  0.499049  0.009612  0.499049  0.000000  0.000000
 7065.0  0.498177  0.009774  0.498177  0.000000  0.000000
 7070.0  0.497152  0.007658  0.497152  0.000000  0.000000
 7075.0  0.494278  0.005844  0.494278  0.000000  0.000000
 7080.0  0.493516  0.007475  0.493516  0.000000  0.000000
 7085.0  0.493479  0.008149  0.493479  0.000000  0.000000
 7090.0  0.492319  0.009113  0.492319  0.000000  0.000000
 7095.0  0.491148  0.008022  0.491148  0.000000  0.000000
 7100.0  0.489862  0.009186  0.489862  0.000000  0.000000
 7105.0  0.486858  0.006750  0.486858  0.000000  0.000000
 7110.0  0.483619  0.008648  0.483619  0.000000  0.000000
 7115.0  0.481052  0.007538  0.481052  0.000000  0.000000
 7120.0  0.481716  0.008296  0.481716  0.000000  0.000000
 7125.0  0.484591  0.013745  0.484591  0.000000  0.000000
 7130.0  0.480840  0.008527  0.480840  0.000000  0.000000
 7135.0  0.481651  0.011332  0.481651  0.000000  0.000000
 7140.0  0.484793  0.010868  0.484793  0.000000  0.000000
 7145.0  0.481697  0.005025  0.481697  0.000000  0.000000
 7150.0  0.481246  0.005364  0.481246  0.000000  0.000000
 7155.0  0.486243  0.010695  0.486243  0.000000  0.000000
 7160.0  0.484457  0.010153  0.484457  0.000000  0.000000
 7165.0  0.479726  0.006855  0.479726  0.000000  0.000000
 7170.0  0.468617  0.006735  0.468617  0.000000  0.000000
 7175.0  0.460054  0.009598  0.460054  0.000000  0.000000
 7180.0  0.454525  0.010923  0.454525  0.000000  0.000000
 7185.0  0.445861  0.013322  0.445861  0.000000  0.000000
 7190.0  0.446275  0.006586  0.446275  0.000000  0.000000
 7195.0  0.445152  0.003167  0.445152  0.000000  0.000000
 7200.0  0.441943  0.002226  0.441943  0.000000  0.000000
 7205.0  0.440879  0.002366  0.440879  0.000000  0.000000
 7210.0  0.458005  0.015087  0.458005  0.000000  0.000000
 7215.0  0.469662  0.019755  0.469662  0.000000  0.000000
 7220.0  0.472794  0.018616  0.472794  0.000000  0.000000
 7225.0  0.468631  0.011872  0.468631  0.000000  0.000000
 7230.0  0.460114  0.006205  0.460114  0.000000  0.000000
 7235.0  0.450098  0.007311  0.450098  0.000000  0.000000
 7240.0  0.450005  0.011084  0.450005  0.000000  0.000000
 7245.0  0.445188  0.009967  0.445188  0.000000  0.000000
 7250.0  0.443737  0.004302  0.443737  0.000000  0.000000
 7255.0  0.443160  0.001565  0.443160  0.000000  0.000000
 7260.0  0.450329  0.004190  0.450329  0.000000  0.000000
 7265.0  0.453331  0.010802  0.453331  0.000000  0.000000
 7270.0  0.455126  0.015423  0.455126  0.000000  0.000000
 7275.0  0.445824  0.009047  0.445824  0.000000  0.000000
 7280.0  0.442898  0.009602  0.442898  0.000000  0.000000
 7285.0  0.448625  0.015358  0.448625  0.000000  0.000000
 7290.0  0.441254  0.008348  0.441254  0.000000  0.000000
 7295.0  0.442551  0.005450  0.442551  0.000000  0.000000
 7300.0  0.443547  0.002110  0.443547  0.000000  0.000000
 7305.0  0.444674  0.007396  0.444674  0.000000  0.000000
 7310.0  0.442466  0.004978  0.442466  0.000000  0.000000
 7315.0  0.442171  0.008801  0.442171  0.000000  0.000000
 7320.0  0.440274  0.008088  0.440274  0.000000  0.000000
 7325.0  0.440797  0.005497  0.440797  0.000000  0.000000
 7330.0  0.438235  0.002351  0.438235  0.000000  0.000000
 7335.0  0.440354  0.000802  0.440354  0.000000  0.000000
 7340.0  0.439209  0.002631  0.439209  0.000000  0.000000
 7345.0  0.437955  0.004513  0.437955  0.000000  0.000000
 7350.0  0.436961  0.006597  0.436961  0.000000  0.000000
 7355.0  0.436011  0.005956  0.436011  0.000000  0.000000
 7360.0  0.434783  0.006356  0.434783  0.000000  0.000000
 7365.0  0.434848  0.008501  0.434848  0.000000  0.000000
 7370.0  0.432394  0.005881  0.432394  0.000000  0.000000
 7375.0  0.432349  0.006107  0.432349  0.000000  0.000000
 7380.0  0.433036  0.006698  0.433036  0.000000  0.000000
 7385.0  0.433852  0.008411  0.433852  0.000000  0.000000
 7390.0  0.435932  0.010862  0.435932  0.000000  0.000000
 7395.0  0.433486  0.007749  0.433486  0.000000  0.000000
 7400.0  0.432015  0.006272  0.432015  0.000000  0.000000
 7405.0  0.428357  0.005589  0.428357  0.000000  0.000000
 7410.0  0.424120  0.007434  0.424120  0.000000  0.000000
 7415.0  0.426570  0.007531  0.426570  0.000000  0.000000
 7420.0  0.431545  0.010273  0.431545  0.000000  0.000000
 7425.0  0.428953  0.012007  0.428953  0.000000  0.000000
 7430.0  0.429413  0.011445  0.429413  0.000000  0.000000
 7435.0  0.427864  0.009395  0.427864  0.000000  0.000000
 7440.0  0.424417  0.008103  0.424417  0.000000  0.000000
 7445.0  0.420214  0.006797  0.420214  0.000000  0.000000
 7450.0  0.417546  0.004895  0.417546  0.000000  0.000000
 7455.0  0.415445  0.006821  0.415445  0.000000  0.000000
 7460.0  0.412012  0.008368  0.412012  0.000000  0.000000
 7465.0  0.411861  0.009898  0.411861  0.000000  0.000000
 7470.0  0.412201  0.006327  0.412201  0.000000  0.000000
 7475.0  0.415711  0.004808  0.415711  0.000000  0.000000
 7480.0  0.418427  0.006920  0.418427  0.000000  0.000000
 7485.0  0.419049  0.009199  0.419049  0.000000  0.000000
 7490.0  0.416838  0.008648  0.416838  0.000000  0.000000
 7495.0  0.412928  0.005750  0.412928  0.000000  0.000000
 7500.0  0.410493  0.004646  0.410493  0.000000  0.000000
 7505.0  0.408522  0.004697  0.408522  0.000000  0.000000
 7510.0  0.408693  0.006398  0.408693  0.000000  0.000000
 7515.0  0.410980  0.007803  0.410980  0.000000  0.000000
 7520.0  0.412988  0.009401  0.412988  0.000000  0.000000
 7525.0  0.412496  0.009171  0.412496  0.000000  0.000000
 7530.0  0.410266  0.007945  0.410266  0.000000  0.000000
 7535.0  0.407872  0.006934  0.407872  0.000000  0.000000
 7540.0  0.407964  0.006970  0.407964  0.000000  0.000000
 7545.0  0.408424  0.009023  0.408424  0.000000  0.000000
 7550.0  0.408889  0.011601  0.408889  0.000000  0.000000
 7555.0  0.407197  0.011059  0.407197  0.000000  0.000000
 7560.0  0.403182  0.006433  0.403182  0.000000  0.000000
 7565.0  0.398006  0.004786  0.398006  0.000000  0.000000
 7570.0  0.396316  0.007541  0.396316  0.000000  0.000000
 7575.0  0.399426  0.003145  0.399426  0.000000  0.000000
 7580.0  0.408053  0.007295  0.408053  0.000000  0.000000
 7585.0  0.416527  0.017567  0.416527  0.000000  0.000000
 7590.0  0.418298  0.020496  0.418298  0.000000  0.000000
 7595.0  0.410939  0.013425  0.410939  0.000000  0.000000
 7600.0  0.398171  0.000423  0.398171  0.000000  0.000000
 7605.0  0.387409  0.010372  0.387409  0.000000  0.000000
 7610.0  0.384712  0.012338  0.384712  0.000000  0.000000
 7615.0  0.390478  0.005034  0.390478  0.000000  0.000000
 7620.0  0.399103  0.005404  0.399103  0.000000  0.000000
 7625.0  0.403505  0.011217  0.403505  0.000000  0.000000
 7630.0  0.400258  0.008650  0.400258  0.000000  0.000000
 7635.0  0.391546  0.000134  0.391546  0.000000  0.000000
 7640.0  0.383008  0.008269  0.383008  0.000000  0.000000
 7645.0  0.379319  0.011319  0.379319  0.000000  0.000000
 7650.0  0.381010  0.008478  0.381010  0.000000  0.000000
 7655.0  0.385077  0.003032  0.385077  0.000000  0.000000
 7660.0  0.388140  0.001310  0.388140  0.000000  0.000000
 7665.0  0.388938  0.003173  0.388938  0.000000  0.000000
 7670.0  0.388478  0.003660  0.388478  0.000000  0.000000
 7675.0  0.388207  0.004352  0.388207  0.000000  0.000000
 7680.0  0.388128  0.005254  0.388128  0.000000  0.000000
 7685.0  0.386759  0.004743  0.386759  0.000000  0.000000
 7690.0  0.383143  0.001769  0.383143  0.000000  0.000000
 7695.0  0.378240  0.002610  0.378240  0.000000  0.000000
 7700.0  0.374644  0.005560  0.374644  0.000000  0.000000
 7705.0  0.374786  0.004417  0.374786  0.000000  0.000000
 7710.0  0.378761  0.000946  0.378761  0.000000  0.000000
 7715.0  0.384052  0.007704  0.384052  0.000000  0.000000
 7720.0  0.387307  0.012270  0.387307  0.000000  0.000000
 7725.0  0.379778  0.014654  0.379778  0.000000  0.000000
 7730.0  0.378008  0.011138  0.378008  0.000000  0.000000
 7735.0  0.375933  0.008471  0.375933  0.000000  0.000000
 7740.0  0.374159  0.007425  0.374159  0.000000  0.000000
 7745.0  0.374499  0.009099  0.374499  0.000000  0.000000
 7750.0  0.377602  0.011511  0.377602  0.000000  0.000000
 7755.0  0.379436  0.014600  0.379436  0.000000  0.000000
 7760.0  0.378094  0.015231  0.378094  0.000000  0.000000
 7765.0  0.373339  0.013998  0.373339  0.000000  0.000000
 7770.0  0.361561  0.016363  0.361561  0.000000  0.000000
 7775.0  0.354589  0.016879  0.354589  0.000000  0.000000
 7780.0  0.365470  0.011188  0.365470  0.000000  0.000000
 7785.0  0.372405  0.013220  0.372405  0.000000  0.000000
 7790.0  0.375396  0.018305  0.375396  0.000000  0.000000
 7795.0  0.377504  0.020940  0.377504  0.000000  0.000000
 7800.0  0.375441  0.020927  0.375441  0.000000  0.000000
 7805.0  0.372839  0.017285  0.372839  0.000000  0.000000
 7810.0  0.369793  0.012432  0.369793  0.000000  0.000000
 7815.0  0.366151  0.009663  0.366151  0.000000  0.000000
 7820.0  0.365266  0.007562  0.365266  0.000000  0.000000
 7825.0  0.363830  0.007739  0.363830  0.000000  0.000000
 7830.0  0.362176  0.008762  0.362176  0.000000  0.000000
 7835.0  0.362033  0.009201  0.362033  0.000000  0.000000
 7840.0  0.363228  0.010015  0.363228  0.000000  0.000000
 7845.0  0.364155  0.012453  0.364155  0.000000  0.000000
 7850.0  0.365373  0.013670  0.365373  0.000000  0.000000
 7855.0  0.366129  0.013315  0.366129  0.000000  0.000000
 7860.0  0.362388  0.013201  0.362388  0.000000  0.000000
 7865.0  0.360436  0.011143  0.360436  0.000000  0.000000
 7870.0  0.358388  0.009792  0.358388  0.000000  0.000000
 7875.0  0.356062  0.011122  0.356062  0.000000  0.000000
 7880.0  0.356824  0.011302  0.356824  0.000000  0.000000
 7885.0  0.356661  0.010877  0.356661  0.000000  0.000000
 7890.0  0.356413  0.012035  0.356413  0.000000  0.000000
 7895.0  0.352896  0.014126  0.352896  0.000000  0.000000
 7900.0  0.352643  0.012657  0.352643  0.000000  0.000000
 7905.0  0.353626  0.010661  0.353626  0.000000  0.000000
 7910.0  0.352244  0.008594  0.352244  0.000000  0.000000
 7915.0  0.348478  0.005196  0.348478  0.000000  0.000000
 7920.0  0.345822  0.006462  0.345822  0.000000  0.000000
 7925.0  0.344261  0.007836  0.344261  0.000000  0.000000
 7930.0  0.345080  0.008044  0.345080  0.000000  0.000000
 7935.0  0.346678  0.008136  0.346678  0.000000  0.000000
 7940.0  0.346685  0.009798  0.346685  0.000000  0.000000
 7945.0  0.343324  0.007130  0.343324  0.000000  0.000000
 7950.0  0.339639  0.006701  0.339639  0.000000  0.000000
 7955.0  0.336974  0.008320  0.336974  0.000000  0.000000
 7960.0  0.338300  0.006695  0.338300  0.000000  0.000000
 7965.0  0.343170  0.006313  0.343170  0.000000  0.000000
 7970.0  0.347311  0.012398  0.347311  0.000000  0.000000
 7975.0  0.349508  0.015264  0.349508  0.000000  0.000000
 7980.0  0.347939  0.014111  0.347939  0.000000  0.000000
 7985.0  0.345113  0.011711  0.345113  0.000000  0.000000
 7990.0  0.344387  0.009424  0.344387  0.000000  0.000000
 7995.0  0.344671  0.011813  0.344671  0.000000  0.000000
 8000.0  0.345366  0.017150  0.345366  0.000000  0.000000
